"Ambiguous" "Astrocyte" "Endothelial.1" "Endothelial.2" "Endothelial.3" "Ependymal" "Excitatory" "Inhibitory" "Microglia" "OD.Immature.1" "OD.Immature.2" "OD.Mature.1" "OD.Mature.2" "OD.Mature.3" "OD.Mature.4" "Pericytes" "res_ss"
"1" 23.2692104808468 5.89835418769799 9.00859707191876 0.383488037325635 0 0 4.27457600097339 0 11.9281879025129 2.36095767026747 6.26093130719633 0 0 23.7942481157995 2.72098949206592 1.63983392970803 8.4606258036873
"2" 1.06910433635612 6.25744738781145 0 0.0256325522667673 4.32136989780268 2.04717086146616 0.274430784593238 1.28062779758479 0 0 10.5862230952195 0 52.9447316366446 21.0033868465308 0 0 0.189874803723906
"3" 0 0 7.30593963108097 0.0894301681610384 4.07032413233796 0 0.637363163284385 0.197284426181033 0 0 4.27540528878938 0 48.3669897818173 34.1019036411765 7.83820349747234e-05 0 0.955281385136445
"4" 0 1.38979871760285 8.58238010081589 0.0104795055006534 0 2.412869300615e-16 0.160728888149109 2.18908827688424 0.192007694344182 6.08185452123936 6.96468203361531 0 33.3435506588491 41.0629744778983 0 0 0.0224551251010711
"5" 0 0 0 1.36472986782418 57.9309550495513 0 0.566924831205993 0.610587173900266 28.967969152996 0 1.31086290395438 0 0 0.590806952623631 5.61530215594862 1.55395202413172 1.48790988786387
"6" 22.0200214550821 0.789040995463467 0.889300000048858 5.69328344442736 0 3.09807378410725e-13 18.4531878278075 0 12.4122174659136 8.66732136443399 2.16987069404894 0 0 1.88203993236522 0 0.498344467582548 26.5253723528261
"7" 35.9659145313858 16.171403225886 3.08820568498245 0.0957701302397993 2.81463900122932 1.60001789524737 5.99835047586942 0 7.81957013823203 6.98773083361559 1.97061904561035 0 0 0 3.10017446609813 0 14.3876045716037
"8" 21.3509572896973 0 3.84603068803453 1.39627182661667 5.15841590204094 5.21832823455835 36.5807077068842 3.64393223543068 4.92033005916256 6.06967038187324 5.37725585911486 0 0 0.376440230268232 0 0.113893279208716 5.94776630710976
"9" 35.2821123586009 0.328911510569876 0.901361474045847 2.12738847563071 6.65422726261421 0.487558491878597 4.08849637630684 0 18.1680823363956 2.23203413590723 5.34042645125266 0 0 0.400697605061846 0 0 23.9887035217356
"10" 41.1917859748845 4.95549308958705 2.55758948753566 0.573886337002906 0 0.418054601691047 16.9104460512718 0 8.78164538513695 5.54169508211578 6.50930529133886 0 0 0.160242652309545 0 2.76721177572518 9.63264427140081
"11" 26.3745736918253 0 27.4896581600582 0.0930346876599058 0 1.65167742914857 18.8352286670707 0 2.70641737557826 3.14187016164035 1.94338896441865 0 0 0 12.4991060486814 3.73524536233358 1.52979945158513
"12" 20.0884662605934 6.03547803664977 1.2914274121508 6.38886095904201 2.21486528192823 0.579574049648646 21.106494184943 2.21721185949719 1.2780325327485 4.22389240224077 16.7733515980519 0 0 0.69667811840169 0 0 17.1056673041041
"13" 0 0 22.1789570877014 3.77399584558215 0.581159492298099 1.2499309406736 7.47411609815752 4.30793584454358 14.5240596176205 0.72841928269303 11.0382474696891 0 6.03465861419857 18.365593173659 0 3.65661802722817 6.08630850595533
"14" 20.4163270450987 0 1.43881406437957 2.11548738858911 0 1.41510451684373 3.9140209121041 0 31.8588504587662 17.842213933224 6.52046945317621 0 0 1.18463075597916 0 0.798053024627964 12.4960284472113
"15" 43.5956456026119 0.613825479452641 5.77374978028359 1.04133731385698 3.51208946944196 1.18269709523491 6.98864954238173 0 15.1358046964394 2.22314862494542 14.2792636440616 0 0 0.640081587548681 0 0 5.01370716374116
"16" 35.9814302521563 2.42662981416407 0.0220717765230219 4.4090070565547 2.34979280799028 0.897907789584447 10.7237128942342 0 4.52088802676497 5.05096788666022 9.99621534303543 0 0 8.26714646117901 0 0 15.3542298911533
"17" 20.4985294619015 0.84433187885841 0.781912694650939 0 4.57218791221698 2.38976828336439 32.3200177266825 0 22.9010221010736 7.98257267533622 2.13447409972236 0 0 1.90088781543615 0 0 3.674295350757
"18" 55.0381179230672 0.461153583264827 8.75253899509245 3.57670020188438 0 2.37252939264264e-14 5.41584002386131 0 15.7476478170894 1.97004411569648 2.10033173761817 0 0 0.0385326320094473 0 3.41342599985721 3.4856669705591
"19" 0 26.85623617406 0.468487128952508 0.98027556650846 5.1445606355289 2.25600760303711 20.6248575769848 4.34635093667414 0 7.95682270932355 7.83586987140986 0 13.0122727634375 0 7.22063845024842 0 3.2976205838347
"20" 24.1581671375034 13.9002610424343 5.0476044359776 3.46415230395759 0.813426884183606 4.95335649990336e-13 16.4120242614963 1.9117781599436 5.12057901265025 4.30677809899259 10.4010008019684 0 0 1.98909836122501 0 0 12.4751294996669
"21" 38.5748710389875 5.39303781676454 0.447949351289941 0.996153656075537 5.29265122980645 1.34943827098972 4.66201522853711 10.0643936941422 7.35947188348117 6.47337926021649 11.9200516735724 0 0 0.833064507836674 0 0 6.63352238830029
"22" 0 1.13307850169297 2.24850379217875 0.51179115843492 0 9.78436366940734e-14 2.18401207505396 18.3473115740976 29.1551755075217 1.14569674960881 25.9768200213789 0 0 7.92513056056006 0 1.76097718832935 9.6115028711429
"23" 21.8006603167012 0.660973232117696 6.39989811708882 0.170804376838746 0 0.821461471123734 16.9211428004024 24.9781976022633 6.17542935783956 3.0465159550926 4.74257752195456 0 0 1.43570844127392 0 2.3497815840615 10.4968492232419
"24" 5.69120120918703 3.72071521999143 0 6.61231847070908 9.45774477934574 1.82181370817121 9.37035735592838 15.0373063421362 6.75075656167328 3.99868016395436 10.5375807234058 0 0 1.01062957057055 0 0 25.9908958949269
"25" 15.1527423912094 0.286976724254544 1.29084486473305 0.75293637446163 27.3689359877171 2.92572642232975e-13 11.3434687957945 7.56776775480799 10.1749141124907 5.68763814394114 6.22819357153793 0 0 0.472114206080791 0 0 13.6734670729709
"26" 19.1146165666003 4.90456957741834 1.8908560015034 0.381372871544951 0 0.00390987702798103 21.489753757882 4.8081909168245 12.9057141980629 5.1943608545692 6.13794142585578 0 0 1.03570927547625 0 6.63192807142387 15.5010766058104
"27" 0 1.33199850768501 2.73509265740299 0.0368624392207339 3.0963886369376 2.4054349611203 22.8441720427525 19.8901152637695 11.8578527392763 2.97287538275779 13.2300230558399 0 0 3.35972268631413 0 0 16.2394616269233
"28" 1.83067382545729 0 0 0.977221872733614 9.95668180493442 1.86858682009792 10.7285966608825 8.78611986370967 17.1095227527657 0 12.7009528615525 0 0 25.209670267169 0 2.70211164405269 8.1298616266447
"29" 0 16.5183725941762 2.86015407264998 2.06761801913555 0 0.362606676257459 14.127475286591 10.2315033636213 11.5485109693059 9.33746344807471 7.12689170949685 0 0 0.769308209737383 0 2.5120827228508 22.5380129281028
"30" 19.3617202302938 1.72835210734361 3.29378781428572 7.96535621850745 3.58092817603316 0.39307404836136 14.1239275994071 16.3975853840386 20.9021374537613 0.0198958072325164 8.25191710710377 0 0 1.2287014622765 0 0 2.75261659135503
"31" 0 29.2601572984867 4.45775093487713 6.13836383373378 0.706824012565973 0.986009591155981 6.00574788297891 9.24067054681396 0.0486111702064402 24.1123716104812 14.302204132757 0 0 3.15091257530788 0 0 1.59037641063498
"32" 0 3.90207964415989 3.98841405399299 1.12664080075996 1.92083411565218 4.31822004409852 24.8983978898337 4.55373706848222 14.0729344068541 7.06049546419679 8.02837993477991 0 0 5.25476947224811 10.0342400959355 0 10.840857009006
"33" 0 18.9439276486049 7.58549440850415 0.271178933755011 0 6.47025342051359 14.9640737172658 4.55793101827285 0.850254567945389 30.3974169617121 3.79418567009141 0 0 8.81584691490021 0 0.450350302274869 2.89908643615967
"34" 18.7453721448231 12.8814547380288 0.206063632241003 4.09042687572996 8.31129227442197 0.336970271170577 0.905806161069255 0 3.33124027156207 1.77070354629657 16.4410137952963 0 0 10.0610993848318 0 0 22.9185569045287
"35" 0 2.69194038847241 15.2168837158597 0.806798947721304 0 0 0.400111443686486 0.314993149303662 14.1018302007373 0.394268489534887 3.38010499971582 0 0 16.07169576268 41.8105745472429 3.16530874317522 1.64548961187039
"36" 25.3885907756453 3.0515265115193 3.10541337132301 0.0640956457518453 0 1.23942283470108e-13 8.06575811922217 0 5.60248113612201 10.8242440980254 12.2849619226289 0 0 2.96553786438945 0 1.20417156628417 27.4432189890883
"37" 0 0 5.18240754325845 0.0196532335084387 3.97499461761816 2.21642789607433e-16 0.727061447244646 0.0586388051094776 6.22815655227478 45.3402009444884 0 0 31.6806111338043 6.65372012273213 0 0 0.134555599961203
"38" 0 24.6224935215889 1.12063387183033 0.722570852983592 3.72554651920843 3.04906379088356e-16 2.19497402037881 0.698190925250256 0 10.1168932343344 6.64621405846204 0 15.4199056353049 13.4710317778737 20.6978309149332 0 0.563714667851397
"39" 30.3742741271083 0.700229246088468 5.26880411376355 3.19753226474624 0.0987457346056409 0.51004509277645 16.8338994454347 0 5.06288930796851 4.61621375618182 4.11857076244178 0 0 15.3573588839417 6.86032595580127 0 7.0011113091416
"40" 33.9686108990621 3.75787738251517 2.24704621867519 0.0470209908470041 0.177275006860096 3.81709295495851 22.1680720165806 0 12.8076547627627 5.07995111408963 12.3367241451916 0 0 0.184689893188347 0 0 3.40798461526912
"41" 0 0 12.5810078718824 1.81914287323461 65.5391067046373 0 5.2501623456962 7.49110314777688 0 2.33337777272077 0 0 0.663615427476632 0 0.000175661109004411 1.92183927254987 2.40046892291627
"42" 0 0 1.31417783459521 1.60739284331326e-05 3.88845922852441 7.78773686175024 4.43686023274693 9.66051177403851 45.6632275690848 3.43400357159939 5.66329657079949 0 0 1.66070629686852 0 0 16.491003986064
"43" 19.2137124284398 0 0 3.30351760916981 13.7052232069573 1.3718649149558 11.9161087781381 0 8.36631293541323 24.9628816065582 3.90075233381694 0 0 2.85399822519072 0 2.62738820006897 7.77823976129099
"44" 27.1189193093779 1.01107515360936 12.786621053248 0.0729403525848163 1.00382118090243 2.66021659760793 21.4584997344288 3.36369978721625 5.13003123243481 3.81467835148423 6.68105607914401 0 0 1.65084453505759 0 0 13.2475966329039
"45" 17.3817009839973 1.31549613872753 39.3537207910321 8.9330692723493 4.57068604659779 2.45603605789114 8.57715744764607 0 0.244939242625701 1.47858492699838 8.14274346781948 0 0 2.84321232327839 0 0 4.70265330103682
"46" 46.2002519314806 7.7806285959508 1.95798536876491 0.66479074315854 6.08689439330754 2.88671506162981 9.88534528278246 0 0 6.29227319769441 10.2621099371734 0 0 1.40620622977253 0 0 6.57679925828496
"47" 38.686401814149 11.1460214582445 23.6815267941563 0.0615572352892119 0.879761738923684 2.16814084480252 1.60112439485554 0 0.151775559203887 6.97043335042087 6.36272814132047 0 0 1.59009640943351 0 0 6.70043225920047
"48" 49.414460563755 4.55092393182048 1.83940971002246 0.0714566502991996 1.28635138483109 0.0398731753431723 11.6021582694211 5.565565879616 2.18599577035577 1.2758709303019 10.1553388600075 0 0 1.39862918930134 0 0 10.6139656849251
"49" 29.356743652258 1.87331936311215 0.920562916873845 5.71417808282837 0.144454714251881 0.62131828920301 15.9127398026992 2.06759350250377 10.4068945528524 4.28259012067356 9.76263911815461 0 0 1.70036152779629 0 0 17.2366043567929
"50" 46.9501304649838 2.05531451349494 0.514286512750595 1.57596756138768 3.52692143408712 0.417878775577748 13.338062400061 0 2.1589504337173 3.56331674409851 7.28225154147489 0 0 1.93762893493432 0 0 16.6792906834321
"51" 55.464458814831 0.639129272578168 0.989778484428129 0.0587698496224476 1.41940855668425 2.36910746868799 11.9493678843175 0 3.4856311896718 4.72033135423675 4.31187749526313 0 0 8.08956986499146 0 0 6.50256976468744
"52" 0 5.07341822000602 0.100271768134258 4.19930839716303 8.11858407653719 1.06623935601141 9.75378583529166 12.981260639476 11.898976370495 25.8177416502565 6.35636170327515 0 0 2.49402061451281 0 0 12.1400313688409
"53" 0 9.53897666684009 16.6103473177894 0.0203860185845938 61.6670024217719 3.43653189985175e-13 0.782999044294544 1.0464281036839 0 5.07785006639958 2.53816620703561 0 0 0.555477060868829 0 0 2.16236709273125
"54" 32.6604832082098 12.9560138566852 3.46308161797054 0.464453588928422 0 1.49183219893369 7.72311077518648 0 12.044389101804 8.36546370324568 4.51355187689853 0 0 1.08055251817422 0 5.09161509644919 10.1454524575143
"55" 42.6533755062898 0.383299402645822 0.959887656560218 0.568150567336251 5.57467440573451 0.805197742727758 15.9490201866969 0.450798212506511 8.98593352884346 5.36224360863313 9.27781815334988 0 0 0.287107199799602 0 0 8.74249382887617
"56" 19.1384554921004 3.56574496351613 0.792517336683564 5.95234541305401 0 1.50395705352138 18.6037205415283 16.3395796344796 13.0874221687743 3.95285707970215 11.8639746382861 0 0 0.357021266599195 0 1.40495660006025 3.43744781169469
"57" 21.2200130763192 2.64711133874089 3.06881307149152 0.0799379639505926 2.91034804239285 2.84812835922901 8.26817638646411 4.91739477275914 6.19554154919556 5.61033540576404 6.50743001462951 0 0 8.6944572135248 0 0 27.0323128055388
"58" 45.3514266338001 3.04634521627329 2.21240645631962 0.0735667700542605 10.5926047581237 0.936735877305687 2.52559147225807 0 5.69274527854264 0.14884280906845 14.0186100323634 0 0 1.50202585778397 0 0 13.8990988381069
"59" 0 2.62496118653745 2.88495315664412 1.25208968510962 0 0.656246973592511 27.0486186504326 11.4639458548039 15.7235737113174 5.85124109242126 9.36735122788547 0 0 0.376697224696646 0 2.34084327369008 20.409477962869
"60" 26.717804730448 0.474173017206982 5.70185934082133 2.98326106244598 1.56153303538621 1.93107405962979 1.66607192449512 5.0277105969088 7.87786071158436 23.9988279372948 9.07058283633715 0 0 7.78170869296397 0 0 5.20753205447746
"61" 3.53472121091654 4.06074376465038 1.26969989715425 0.567279094192573 1.95161809829438 0.24847364325031 19.5074386218271 5.64340696589716 20.7404144585899 2.29276614631225 1.79402775672386 0 0 1.82430277057026 0 0 36.565107571621
"62" 0 1.31838254518195 1.8742291123013 3.64598771789861 0 5.61056594701724e-15 8.35762644436287 5.1938480730865 13.9293530083977 1.77383105403268 21.2860723539712 0 0 1.34877878547523 0 3.96896627324237 37.3029246320495
"63" 0 0 14.0227770798538 0.918731304292309 32.6357114295961 1.24488120875547 10.9761073418853 3.04904411020756 2.17774100097942 3.92318954471101 8.07252521970323 0 0 1.35525745076164 0 0 21.6240343092541
"64" 27.0930561256499 1.82888326107917 0.2224690586823 0.0221896711425828 4.57906205522765 2.06436157269023 4.64357362978132 0 4.32984272412151 28.4980570782324 20.9600707636221 0 0 1.69892994753414 0 0 4.05950411223677
"65" 12.7254539934515 2.23239098841897 16.1444516646479 4.15815604189895 2.33142402634225 1.92976358417175e-13 30.7867616988888 0 10.8296579295548 2.01046899707712 4.68387651611424 0 0 2.40354742797925 0 0 11.693810715626
"66" 0.548477232695818 12.2364125013757 1.89848691938924 3.22831144314787 2.17274751329805 1.40760684774504 14.8287083520642 5.25862879841116 12.1174978452299 6.8749759834415 26.8504916966316 0 0 1.71461702041226 0 0 10.8630378461577
"67" 42.3604915160038 2.15066222108929 0 0 0 16.5122632671323 2.47436861491343 0 4.22555792836467 2.88423647324454 5.91219667599769 0 0 6.40579477496979 0 14.2957688014411 2.77865972684337
"68" 12.2656252073902 2.49478921387774 9.14141830943822 0.0376327521435476 0.672517054473289 1.24055660894952 0.0864253914732731 0 10.4753555179228 0.519338943354735 0 0 7.23495773662129 55.607684051984 0 0 0.223699212371412
"69" 25.3753182609943 2.72720530264156 3.085188306527 0.200959304342557 0 0.197561533473623 3.23501740556262 0 4.02452695228729 50.5293381180743 6.01624467926906 0 0 2.49401845853975 0 0.0976339827286255 2.01698769555927
"70" 19.0746347342094 18.9717928473807 0 0.0925696480212231 0 0.800152769046164 9.27612357724671 0 0 4.96695076134147 15.2921251834962 0 0.865248490367276 18.5169226431777 5.92225206624421 3.14152628499072 3.07970099447826
"71" 34.5745797358303 15.4306878172799 9.1484842306373 0.0516750703994825 4.48483183033694 4.09076392168606 0 0 2.68718415608382 4.08178192049617 17.5074492852188 0 0 1.80811867180004 0 0 6.13444336023123
"72" 14.423797477569 9.52964316026082 2.14163385757022 0.605268506247004 0 3.11000907799823 5.0850957557138 0 2.49221300692407 6.36475347723039 10.4488995693418 0 0 29.0438447065444 11.3029283539643 0 5.45191305063598
"73" 17.2070275169333 0.349938464975567 0 13.5169093412149 1.42613571685592 1.27887665583883 17.0731316810585 1.56277166668709 2.82967666007506 6.27215154474894 7.41881600621024 0 0 5.61857408785187 16.6248857677456 0 8.82110488980426
"74" 0 0 1.02038229468179 0 1.34190882965247e-15 0.0944100076171185 0 4.2897862562293 4.15996296247113 0 0.747877148484624 0 62.3430857809963 27.3427233095337 1.27141285783788e-05 9.63436794206601e-19 0.0017595258574584
"75" 35.5847132602478 1.76919262060191 0 11.8007125746255 0 1.18954742047875 11.5672270486272 0 13.8258972840293 4.1339511817158 7.27856665734506 0 0 0 2.45718538477239 3.90955399121481 6.48345257634149
"76" 22.6433028107757 1.74206206512647 14.230709052999 0.379931687550421 0 0.796519464838357 6.8893006600815 1.65861625285914 33.3457657613156 2.54988647988023 6.12312039377974 0 0 3.74484817552415 0 1.18933321526854 4.70660398000121
"77" 21.036814719184 0 0.321536915158342 1.3871512633497 4.71483512170871 0.241526894829094 14.7750661184985 0 40.340437686463 3.27816059626792 9.32396864602014 0 0 0 6.53160349252663e-07 2.69162936283079 1.8888720225294
"78" 28.8536957860593 10.9037984772946 0.5351617073233 0.556362133337202 0 1.77498350196481 4.65405060590604 0 3.59572977707626 12.0363582919716 7.05606701218356 0 0 17.5289011588852 7.07270715495985 0.948511191279924 4.48367320175838
"79" 17.9928072730765 3.12537556697244 27.1391417859544 3.50214556243239 1.73730774664816 1.38752712665806 13.4051376374373 5.47335616219314 12.9332977574803 2.90540858774797 5.7768890442793 0 0 3.16379300010128 0 0 1.45781274901874
"80" 46.2435710857693 2.16216199280497 10.3923109596732 2.54982100013042 3.6308665852096 0.735039832106934 3.12722127754575 0 3.815389222847 3.50371495402602 15.7153182576791 0 0 1.71668218337223 0 0 6.40790264883544
"81" 33.7609238154166 13.1305099704516 1.09027840869752 10.6987864705 1.39831185788933 0.778190056958742 4.518695355304 0 8.36465751030845 9.17284167902776 9.51875984688411 0 0 0.5466347204836 0 0 7.02141030807829
"82" 40.1372702610404 2.36182712111526 0 10.8591290084634 4.86821767348088 0.359305841697452 12.4220367264678 0 9.41018284450539 0.899854413338993 9.43055587066693 0 0 1.0170305644526 0 0 8.23458967477092
"83" 18.9989002768505 0.389761744467228 0.880340821600125 0.436584643983847 0 1.89291397369731 21.6579813993848 0 6.03546025347113 6.50723366593686 9.09047245519672 0 0 0.254476049757361 0 4.11778034165682 29.7380943739972
"84" 49.9342762473614 1.25546940096051 1.94124533376988 1.14296182519302 0.500083195404318 0.00813705373096743 2.61224920676845 0 10.3150785627155 1.96289633819453 15.8035243502052 0 0 12.1265783015281 0 0 2.39750018416816
"85" 53.3961916747981 4.59903414344046 1.24917923990241 6.2502627431169 2.10280745111765 1.26276778102286 6.67829567251757 0 7.28807505718583 2.09029162722977 5.41330956091159 0 0 2.86739990793064 0 0 6.8023851408262
"86" 30.1854122235167 0 6.5517723220002 0.38116427252843 0 1.78050014887554 8.30745696442544 0 12.7983462940336 22.3570166141425 7.00188739166524 0 0 1.01024571725544 0 1.02429223311045 8.6019058184464
"87" 29.5068251880463 3.65447335279133 2.96776197610481 0.294130864059959 0 1.41712963624596 16.9000197446421 0 6.41136681511364 19.9628440940918 10.7915665161094 0 0 1.51501025303622 0 3.3798306996006 3.19904086015792
"88" 44.8151683192906 8.99174505690066 0.616666180594733 2.64211005424229 2.42907419048562 0.625763613858009 9.47883475712839 0 8.82712481605469 3.41235692154656 7.96395026993524 0 0 1.3856449404736 0 0 8.81156087948961
"89" 24.8952189777118 2.61989909596211 21.1553961576445 2.30460600068072 0 2.26132490637889 6.00502661048419 0 9.31356530452514 23.0889754507521 4.47799630192043 0 0 0.0915196074320868 0 2.20691820057691 1.57955338593119
"90" 7.46311666634843 0 2.07617787950449 4.69080127567932 4.38710099297498 2.48849761385029 20.6476337278024 8.67951990888298 20.2109547330818 3.17694811717073 9.79874539165041 0 0 0.703346132797102 0 0 15.6771575602571
"91" 18.2008135352544 3.09636011364597 3.31003563359637 0.0194529976222594 1.19081309195905 4.13048620963905e-13 3.76175240759589 10.4169017175456 15.0145105620104 9.25490848404185 26.6583969649321 0 0 0.666546467710238 0 0 8.40950802408555
"92" 0 43.1271332903853 2.58082810704688 2.06226599763852 0.424638800691886 1.0901843657966 3.27146578987433 0.75838423523497 2.65780101389325 18.6650577053052 13.1034394038219 0 0 5.79796179024514 0 0 6.4608395000661
"93" 5.39461445966768 16.5232460820475 8.32539150656999 0.577559212359656 0 0.636327588111353 9.39395641739728 20.2641606598399 7.5152592115032 2.0916920173002 8.09630669620519 0 0 3.20913696403802 0 4.90852751041372 13.0638216745463
"94" 0 18.9130385399954 18.9743212643254 0.216545597503342 0 0.618728344678373 9.3165472629507 9.65905531792807 1.88152897211762 8.21539518474222 17.1472765019004 0 0 0.56513146936663 0 6.62833253349794 7.86409901099386
"95" 0 7.93990173379233 0 0.322716072670955 2.34906590870171 1.01055077587017 19.7872864371025 12.3872485864562 16.4025882385695 0.21246392932553 10.7581185980812 0 0 1.02806800257222 0 0 27.8019917168577
"96" 11.3247722290672 2.44124780942604 0.187982823693056 2.48315454640067 2.67405394381686 0.012830425532478 16.0228127758153 0 10.638605968038 2.66572978675392 10.1542580725168 0 0 1.07718886664688 0 0 40.3173627522928
"97" 0 62.4562080688332 0 9.15996566320125 2.47412752669228 2.09745235454413 1.39658648704617 0.314390352627081 0 13.6099832030701 0.482228628195401 0 0 7.60010221410537 0 0 0.408955501685045
"98" 6.24805222361625 0 2.14325072730805 0.0904268005852527 4.50056285565661 2.59904623820068 10.657096575834 14.2457176443948 16.3296658519418 4.76728023613649 20.0843219215018 0 0 1.89810251627777 0 0 16.4364764085465
"99" 26.8337564630911 5.80304082782548 1.78030358809971 4.97777806876315 0 0.012487698119601 8.60911662232024 1.57435027943499 13.1934870741833 2.23469152721401 12.326246320528 0 0 5.20786011015816 0 0.187586680475297 17.2592947397869
"100" 28.1863843316561 6.21853531186663 7.01072247761751 0.000308271965377404 2.98334617775373 5.77039800145538e-15 3.82909382260173 2.58695385282077 13.7628808914101 1.99676299778935 24.8679985529493 0 0 0.00665355620535255 0 0 8.55035975536399
"101" 0 4.26286672075022 12.6212991847408 2.98876031371489 5.55523757051171 0.513989358670886 17.1465647071336 14.7841217703234 8.44515600250835 3.2806081944523 20.7590907590683 0 0 0.658771605895257 0 0 8.98353381223036
"102" 19.0163659881307 2.22415582009403 1.95850134308409 0.362607270873706 0 0.668213817459689 22.323782185723 3.50049003550072 3.48767276164608 3.27869476822117 8.02062717068329 0 0 20.2216751737787 0 2.12430648819719 12.8129071766076
"103" 13.7522627532639 0.0312376690602758 2.96828570488379 0 2.79056700512097 7.37749131290656e-13 33.3760378960055 0 17.0925909213253 2.5149803996095 7.1633619279769 0 0 1.66239360870663 0 3.7228629354668 14.9254191785797
"104" 0 20.6248592515808 11.9982590778939 1.20265969716296 0 0 5.45077933514931 1.76198704873172 0 4.73842145782754 6.25261590807388 0 35.09249242178 0 8.38962055305083e-05 3.76326573912031 9.11457616647405
"105" 19.6188695481686 1.2401674763211 1.26362420573293 1.12148965256011 5.50043689870159 5.08160295432607e-16 11.7277040045243 0 20.7243185010558 1.90370935813623 11.1862067507916 0 0 7.93469115741162 4.62725507169945 0 13.1515273748966
"106" 10.1377728882223 7.58490335912748 0 7.97162350738579 2.29285554007387 4.54597419869875 2.20973891519774 0 3.90070487287385 24.0485866350265 4.4757032536904 0 0 31.9171996274298 0 0 0.914937202273463
"107" 0 8.44144754275319 6.70820736543004 5.26983029589005 50.0654463410798 2.99970250636966e-13 0.56897175362777 0.239013798593521 7.24190224798055 0 4.16157025319347 0 0 2.74411781691068 0 11.7484438159898 2.81104876855092
"108" 7.21851266934733 11.3466814596605 0 6.98169531950482 33.190682693561 1.73472354671644e-14 1.49553798036973 0.0601116123437129 20.5523169436214 1.19051225658614 13.5641091973745 0 0 3.01597729263661 0 0 1.38386257499418
"109" 23.7901616480394 11.5077051512506 4.15334675787792 0.243193339365919 0 3.95475157928243 7.45598175755099 0 14.7448708426916 5.64578199322993 0.312668865607355 0 0 21.133845678892 2.69269213142608 2.5870787478163 1.77792150696944
"110" 0 6.8629846032781 6.99548177192199 0.0292257945881541 3.26017553320155 0.627766384539597 20.8373930839461 0 2.39097303050908 4.54351327947745 16.5912785055715 0 0 6.84501263408749 0 0 31.0161953788789
"111" 0 1.30811745426759 29.1525202320686 0.79859803543444 0 1.40445669754721 26.4178612820007 3.42589078276574 2.41496841028194 3.99805546733493 6.86942577002996 0 0 8.38171954664069 0 4.79148178082001 11.0369045408082
"112" 7.70332829602442 4.2094236903849 0 0.000248237028417535 0 1.03438428467691 1.16841255950794 0.47816854921313 13.1900644755384 1.69830811644395 0.669482789383678 0 10.4884540472015 59.0150739841662 0 0 0.344650970430544
"113" 0.704650298862095 42.1067375418847 7.18881009228717 3.66412785295239 11.2598050579734 2.3469557587528e-13 3.36027337131912 0.163385309038448 0 12.9251957732764 11.3589473932396 0 0 3.69134774910418 0 0 3.57671956006231
"114" 0 1.49178459359956 7.17862593396148 0.572762511742008 0 1.68463852175012 12.6963705724933 2.31474449038621 1.27724403876514 62.7265588146295 2.48626782936515 0 0 1.32138044938484 0 2.55577551275273 3.69384673116997
"115" 15.6312429235702 28.6968588006881 1.29118773490698 0.938768381117195 4.27747294349695 1.50391712204698 10.6926686983546 0 9.49429890289205 9.6547649616139 11.9162816884175 0 0 2.30364276315991 0 2.97697741803865 0.621917661696997
"116" 54.3682805270303 2.17355340163054 0 0.408017683025556 0 1.3490391114073 12.5525793205238 0 0 5.90790998942618 4.13115977443925 0 0 1.92186980910361 0 4.83976082742242 12.347829555991
"117" 48.4389102685587 17.5189939543688 0.626056369583639 2.9374451942995 1.19996690154334 2.09692336992147 5.96185235656132 0 9.40211635439464 1.91489066687194 6.00862144677282 0 0 0.175332472245077 0 0 3.71889064487883
"118" 56.4628638002556 3.43047698855861 0.905854799138531 5.75837384580649 0 0.446841943110888 4.68606750730459 0 12.408772414586 0.860882264937045 7.4236673648857 0 0 2.49208143170694 0 0.354995809979236 4.76912182973039
"119" 46.309154263635 0 0 1.52989160221317 5.55857281719079 1.25987623239469 6.95397589104474 0 9.12047426879708 3.52349832089249 6.62532420456382 0 0 0.443240538537834 0 0 18.6759918607304
"120" 25.4653439467066 25.091634988816 0.321611973046838 0 0 0.0635434716528988 1.45604523306896 4.20997250266993 6.57930749706974 19.8574212416256 0 0 3.37625651603553 0 0 13.4064024605705 0.172460168737492
"121" 60.3416730341514 5.46547000715647 0.835963051696162 1.77725174520789 1.18680771531316 0.372649347632778 6.10399380125795 0 1.64222526673455 3.71278497276947 8.08045651444822 0 0 1.59923979051459 0 0 8.88148475311738
"122" 19.8582039793206 1.85453775118071 2.5199673757153 0.94001851500615 2.63387623541275 2.12325030263489 9.46917708730666 3.19763502841894 19.5379211616922 25.5817816082392 2.18006234294732 0 0 0.477521560273752 0 0 9.62604705185146
"123" 0 0 2.86374399292591 0 0 0 22.5892320312032 9.79208485251394 2.32634536414162 57.6813685807876 2.51093846908633 0 0 0 0 0.249808323886862 1.98647838545456
"124" 4.84194761200757 17.0466752776025 3.20425940019428 8.32998948364685 19.5252007686457 1.27123936889828e-13 12.4214058819324 5.70582485056313 6.88128008730666 4.52635733373823 6.25659315685829 0 0 7.3408973279975 0 0 3.91956881950675
"125" 40.0037252033724 7.08407395679392 1.79858088752946 5.31135457095924 0.936555113734622 2.81468159248687 7.59549599846474 0 10.933967168226 1.84239962222605 6.77113271578496 0 0 8.50211129770597 0 0 6.4059218727158
"126" 33.4199156642297 8.87039859900966 0.072470121830718 7.8115221538841 1.8828924839671 1.77411419519714 16.8965212635983 0 1.43301749355801 6.24705434714988 16.4936457263556 0 0 0 0.465182233621635 0 4.63326571759808
"127" 0 13.3855937738395 2.12067063953184 4.21412145377167 10.971957006029 1.72914080926638 9.17721376791238 25.6893289703477 4.81442120819909 3.18161027664873 9.66484954370319 0 0 7.50298349090461 0 0 7.54810905984582
"128" 17.0341231057129 42.1742285050895 7.21879411777439 0.0876285255550164 0 1.59065918344293 4.40523240096395 0.0918595468347566 2.06953964984531e-15 16.8053910176571 1.19139864293303 0 0 4.1251155528519 0 2.55280328368852 2.72276611749603
"129" 0 0.855379306339119 0.875489535346392 10.1841123691478 0.781163500203191 1.76006528404441e-13 11.6566128225373 19.1964678686825 16.6753241703449 0.90019267400981 11.3456513231782 0 0 4.01461657340744 0 0 23.5149898568032
"130" 0 1.0577869411305 1.10337556995296 0.0748757452168342 4.52104004891036 0.615260484007065 14.245074391677 25.7838345193156 13.1687272912479 7.34956545890155 22.1572307422651 0 0 0.5717674265075 0 0 9.35146138086759
"131" 0 0 15.6781393809 0.0482800155296883 10.8657189777257 0.560460523759064 5.75248856011885 7.91244915169769 11.9837707637532 4.66938936158576 1.08129629629547 0 0 31.1108611158543 0 0 10.3371458527802
"132" 7.45251779409954 8.50858262619692 2.13552204636825 0.162489986291028 0 1.14991079229704 33.3839283958606 4.16140313245672 13.0324444017196 4.28893692585004 4.92024035138732 0 0 0.0888687270857313 0 2.50866512902632 18.2064896913609
"133" 4.36176729748851 17.922489303149 0.618288698180232 5.94728335694526 0.223701651901946 1.27512908458739 2.98592008889347 1.11081429125278 3.43779408530623 4.43680935080525 13.7477216544134 0 0 42.2658153153951 0 0 1.66646582168146
"134" 13.9336643700443 19.2243226757818 24.914418338081 0 0.188060335471142 0.808889100436513 1.91652903369934 8.99634111385811 8.94293896913184 5.59527558527373 6.57578316818048 0 0 3.9798716192997 0 3.35463471537752 1.56927097536443
"135" 0 4.8897105343251 0 0.405942429116603 6.05963257930643 1.62178548711981e-13 17.7326782306018 3.86593362030935 19.6667864601152 1.99580752048206 6.87652518263022 0 0 0.26378819676384 0 0 38.2431952463492
"136" 18.5238209510724 1.94635667989223 0.915524723095392 4.739038518435 1.20414510336191 3.04944563122026 22.9233905249553 6.35103785536725 11.9543924564835 0.681880302455768 7.80942981503834 0 0 1.28274978035314 0 0 18.6187876582696
"137" 46.3987779014715 1.82044693410391 6.15585139893933 0.0894380895940508 0 0.201228779656536 6.60298866535187 0 4.06766460597799 4.20652984823795 9.7301055450501 0 0 1.12218312020677 0 0 19.60478511141
"138" 1.92622239736872 6.38238740324689 27.0404688528167 6.89105752051333 8.49523902519619 1.7660679902381 18.1824289754272 9.49697670772136 0.523458068010093 1.60044031041212 10.5452984000717 0 0 2.31143300605229 0 0 4.83852134292526
"139" 20.7573568132105 0 0.908300749350229 1.13951010682301 10.3828846202175 2.9389875872378 12.3981175236572 0 6.76358909597249 6.14800802064932 7.68031172840776 0 0 0.800286828469345 0 1.03423517671509 29.0484117492897
"140" 3.83701321923157 47.4685185187369 4.13827356679011 0 0 1.3043391359195e-15 1.39909293203134 1.86587467309911 2.87791019687472 8.66884248919434 4.36701178993129 0 0 24.6797219078905 0 0 0.697740706220113
"141" 23.7430296531545 4.50423626473462 5.60846380690141 0.0893824363546516 0 1.42805981238297e-13 3.23378533060561 0 7.68375622041217 4.56543984669473 19.8374363048933 0 0 21.6412412049781 0 0 9.0932289312708
"142" 0 30.0185137263482 25.7293121157031 11.0157001889399 0 1.04019331355854 1.14798244215368 1.66665851492384 2.98982442198855 2.09044904711725 11.224384814263 0 0 5.00087212804564 0 0.40479402034804 7.67131526661022
"143" 0 2.63308514707037 0.955288441230632 0 0 2.23100163139359e-13 11.0664619182972 0 29.6211132149357 36.3971830777514 1.15382519813309 0 0 14.3034422831231 0 2.36299342285009 1.50660729660813
"144" 0 0 0.901079811042237 0.604434717346259 0 1.64778055625466e-13 21.6604987482151 0 8.2019690047932 33.4539550235622 16.9060645873726 0 0 6.21637513779792 0 5.05209677214878 7.00352619772163
"145" 0.0706140537955633 5.56051955435605 0 0.0342220161693008 0 0 5.76506735923996 8.57865727362774 22.6353462072492 0 17.7350105254501 0 37.9864922731147 0 0 0 1.63407073699735
"146" 0 0 0.991861271350541 0.0195178593785314 0 2.56812208746715e-15 1.89163685282544 0.781100754846461 0 6.39752029578549 1.92298444144166 0 85.504823604963 2.20347084778725 4.69779352422465e-05 0 0.287037093686376
"147" 0.500811111019387 2.32783292854439 11.3176844078354 0.230591744513322 0 0 12.329986791047 4.19003588652479 2.54083611989944e-15 1.95989980041961 14.8588381443109 0 49.711847756848 0 0 0 2.5724714289372
"148" 2.54103295261283 1.60462692184112 0 0.174629043861779 0.907579233478902 3.83914176645787e-13 28.0339108230502 0 3.535833660147e-34 0 7.22855594355881 0 0 57.9585379465765 0 0 1.5511271350194
"149" 34.4737776885242 9.01374076086742 4.88873291724237 8.96583031141908 0 0.802008121176665 13.510220660038 1.44740463406683 1.32110318497791 2.67041264015461 9.70760213363874 0 0 1.48423730540696 0 1.88676614680759 9.82816349567968
"150" 38.643740975797 0.736643118175935 2.24434837737937 5.66024540930952 4.14210375914235 1.4725027786064 5.40943259701162 2.22839974402067 10.7656357038936 3.83634660287432 8.53561806774035 0 0 0.436890852838034 0 0 15.8880920132108
"151" 71.0088484459776 0.526768079653182 1.49440342759505 2.87058896520986 1.03488540426609 0.233964070683504 7.22249792232665 0 4.51005638549249 0.797675361122546 5.93231637248842 0 0 0.866728502658473 0 0 3.50126706252609
"152" 59.3680284627268 3.4048829639873 1.31434480716466 4.76282211915709 1.11284109016098 0.207223818633389 6.64999228677429 0 13.5015488324063 0.208401553875132 3.60765037924529 0 0 0.591537189557889 0 0 5.27072649631091
"153" 45.7066977091826 4.88781174886441 12.3216914176085 4.8278768488124 0.778900362796457 0.971157815226776 3.0511926040861 0 8.89878857847442 1.89120731507936 5.3775531737262 0 0 0.441844258498384 0 0 10.8452781676443
"154" 45.1545974037045 0.386081691777512 15.1213528275272 2.05367798260023 5.52324059515693 0.381276989089172 3.11219077150891 0 2.05903697139908 4.46465165239784 3.10247242472273 0 0 0.720369906293648 0 0 17.9210507838223
"155" 40.5437002089995 0.289727816822845 17.030644898662 3.99157050288299 18.4354969551658 1.48566600506941e-13 5.93989818595107 0 1.70491808565299 0.194947368482876 3.28439174337183 0 0 1.20067621222366 0 3.6051600804687 3.77886794131559
"156" 27.0363757280091 31.8254647461587 6.84626483698988 3.07109567174699 2.18278313627536 0.244586350163951 1.70307766495842 0 5.89977073318392 7.05462732329246 2.38296558674521 0 0 11.1755605406112 0 0 0.57742768186478
"157" 49.2321403124106 0.912674819613856 2.4252677385953 5.35975594833441 0 0.508426331307172 8.55569127734509 0 7.51426839252591 1.70522923812691 8.07242732330872 0 0 0.581101987076295 0 1.11116877340522 14.0218478579506
"158" 0 2.88141969750387 2.09744887080659 4.91733707452706 0 1.51859718581084 15.7033070715681 28.6017703236157 20.5017758973643 4.82983808569586 8.38259641014238 0 0 0.320970018466369 0 0 10.2449393644988
"159" 0 0.930057940315737 2.22643820827313 0.509975588494017 0 1.00766908114348e-13 5.82506568111818 16.1410681624415 43.6271223615881 5.12807129754802 3.43296514736802 0 0 9.80714568992158 0 0.571755615312845 11.8003343076187
"160" 4.12461614726642 18.9447423572657 27.2975651828959 12.1763176452952 14.8852799194311 2.33094585717368e-13 2.91633992159116 1.24997901332558 1.72159950134583e-15 5.18776311599053 7.2774625302255 0 0 3.97457566354396 0 0 1.96535850316874
"161" 9.70857233627325 0 0 0.803718351441712 6.86963364950408 8.01387797608016e-14 2.16991170320329 17.0799869490408 46.920325258197 2.65239644243325 12.0513027617419 0 0 0.986529155667864 0 0.142935993799048 0.614687398697698
"162" 13.4959491661642 0.643749933275545 1.21335132082097 4.93196010011967 0 2.17297463735716 20.5784785822347 10.553527854811 12.3259491063624 7.75392459547682 13.1406010080351 0 0 1.57283654459702 0 0.158588842383403 11.4581083083621
"163" 21.4786621764347 10.7760190900288 2.94299442611049 0.142392219091949 0.429968466563637 4.04580872889263 4.1499576315599 18.8409197800336 7.79554475498873 6.17987437399237 6.20287413318688 0 0 1.2187156442621 0 0 15.7962685748542
"164" 0 0 0 0.0463172097003468 11.4530639290564 1.11612912689115 13.114383902476 17.2022559298313 8.91757995128578 27.1090861355303 16.3888181155156 0 0 0.0600979303233744 0 0 4.59226776938974
"165" 0 9.7551383437565 0 18.8631039495912 2.16760694382239 0.116716562019716 42.1838658841444 8.05637379699348 4.60463486992075 0.820705664076672 1.16090302076687 0 0 0.0821072931392094 0 0 12.1888436717688
"166" 16.0813256896136 4.87799630858427 2.65386518084528 0.215899035062851 0.24463477804827 1.26412543440338 13.125110384948 4.01891738159809 3.9780649179777 0.85332810399198 8.90254337975579 0 0 1.39264520457918 0 0 42.3915442005916
"167" 0 1.58778554108035 0 12.942175581631 25.5946012746378 2.65441521589003e-13 12.7060440174473 11.747615024339 6.56735347713009 0.907427262542918 8.01696932420023 0 0 0.722315791202307 0 0 19.2077127057888
"168" 34.0715147704318 0.702570887352774 4.5409788152734 0.215618004577563 0 3.268362209656 15.8507054798279 8.00252356281058 7.08794874452128 3.3343639864773 16.9519823395082 0 0 1.16782875272905 0 2.14512740753477 2.66047503929936
"169" 31.2262172724508 1.50620725482218 0 4.36287142823584 2.43920288011311 0 2.77896382015113 9.0967813900986 4.86672634061792 4.75995597459683 5.84832379601177 0 0 23.4516623198429 3.97949160301947 0 5.68359592003937
"170" 0 14.1028321783751 19.0715047753082 8.26743834888615 0.638540086925878 2.04055615349669 4.41790214198033 8.46657413971157 2.46028560492163 9.14004053681057 29.5901801001638 0 0 0.652843564400863 0 0 1.15130236901916
"171" 22.5950957406803 0.707383074203237 15.861583568059 5.79489943643286 34.7843502313907 0.763212148757668 2.11921600738446 0 3.07218746832689 1.77060194331892 5.20730590886047 0 0 2.58831520035673 0 0 4.73584927222883
"172" 0 4.80477661929215 2.50171304781579 2.19172787659852 2.02863654183895 0.263142722217392 28.5461916326754 6.96046729824739 7.35067967310597 1.93977829021019 33.2841846680217 0 0 1.32977033949785 0 0 8.79893129047869
"173" 5.31176145355381 7.7119632263228 24.170223642449 1.33405144283556 4.32129357225408 0.542178539282344 15.0705871637979 3.84745539501703 0.812428329715263 5.36176685343646 16.9595241897026 0 0 0.593054104338394 0 0 13.9637120872947
"174" 0 15.8263197110389 4.43910519859635 0.02937005582514 0 2.46318705465276e-13 37.2495804260396 0 15.7961023631863 0 1.77673679616934 0 0 21.0115064511031 0 0 3.87127899804103
"175" 0 7.71195004116885 3.41410789929159 0.0372996313321075 9.15990907802935 4.01903158086668e-13 15.7336870374927 0 9.79422661117415 40.2793289524671 1.78412065529399 0 0 7.7507595087444 0 0 4.33461058500535
"176" 6.8851214672182 0 2.34891799839218 0.157324742301583 4.39225870483663 1.59439091898027e-13 6.99150340673952 0 0.426769683498883 14.3832792066813 5.32325084731511 0 0 54.3528289785916 0 0 4.73874496442483
"177" 44.8239145270235 5.0455440727258 2.30678390710099 1.07717636011318 8.25013502433018 0.719988155782855 2.42868335581779 0 8.42435838810887 5.16569607231254 4.72070506488177 0 0 7.85816849401776 7.50210615019826 0 1.67674042758657
"178" 43.4291117225458 12.371133067215 2.22663762429498 0.109149491845426 1.05459845647359 3.53266861262056 11.666062003955 0 5.90407896285687 5.44548359383975 1.49130530138849 0 0 2.00016768371702 0 0 10.7696034792475
"179" 0 11.8144747168691 4.09638116688568 9.88007185661164 0.0796503977028429 0.609130729308373 25.7989261536867 6.23127222608433 8.70757987477053 3.52983721948577 6.58054600327553 0 0 20.6511773420648 0 0 2.02095231325471
"180" 0 1.24494732735054 7.70086648637221 0.818621616676572 0 0.183410818129124 0.669672414926242 1.60608936582686 11.6616531814332 0 5.10396818283258 0 0 12.227633237709 55.1428225264742 1.30187854844671 2.33843629382271
