coord,Ace2,Adora2a,Aldh1l1,Amigo2,Ano3,Aqp4,Ar,Arhgap36,Avpr1a,Avpr2,Baiap2,Bdnf,Bmp7,Brs3,Calcr,Cbln1,Cbln2,Cckar,Cckbr,Ccnd2,Cd24a,Cdkn1a,Cenpe,Chat,Coch,Col25a1,Cplx3,Cpne5,Creb3l1,Crhbp,Crhr1,Crhr2,Cspg5,Cxcl14,Cyp19a1,Cyp26a1,Cyr61,Dgkk,Ebf3,Egr2,Ermn,Esr1,Etv1,Fbxw13,Fezf1,Fn1,Fst,Gabra1,Gabrg1,Gad1,Galr1,Galr2,Gbx2,Gda,Gem,Gjc3,Glra3,Gpr165,Greb1,Grpr,Htr2c,Igf1r,Igf2r,Irs4,Isl1,Kiss1r,Klf4,Krt90,Lepr,Lmod1,Lpar1,Man1a,Mc4r,Mki67,Mlc1,Myh11,Ndnf,Ndrg1,Necab1,Nos1,Npas1,Npy1r,Npy2r,Ntng1,Ntsr1,Nup62cl,Omp,Onecut2,Opalin,Oprd1,Oprk1,Oprl1,Oxtr,Pak3,Pcdh11x,Pdgfra,Pgr,Plin3,Pnoc,Pou3f2,Prlr,Ramp3,Rgs2,Rgs5,Rnd3,Rxfp1,Scgn,Selplg,Sema3c,Sema4d,Serpinb1b,Serpine1,Sgk1,Slc15a3,Slc17a6,Slc17a7,Slc17a8,Slc18a2,Slco1a4,Sox4,Sox6,Sox8,Sp9,Synpr,Syt2,Syt4,Sytl4,Tacr1,Tacr3,Tiparp,Tmem108,Traf4,Trhr,Ttn,Ttyh2,Adcyap1,Cartpt,Cck,Crh,Gal,Gnrh1,Mbp,Nnat,Nts,Oxt,Penk,Scg2,Sln,Sst,Tac1,Tac2,Th,Trh,Ucn3,Vgf,Inhibitory,Microglia,Inhibitory Microglia
0x0,0.891907941,0.0,20.206398592,4.035353906,0.0,22.764123466,0.0,8.845760761,0.0,0.0,1.783812624,2.909565813,0.0,1.008861521,0.0,0.891907941,7.836911952,0.891907941,0.0,0.0,1.008861521,2.7926741450000003,0.0,0.0,1.008861521,2.017657872,1.008861521,5.044216332,2.909565813,0.0,0.0,0.0,15.864949034,9.927909706,0.0,0.0,0.0,6.945007269,1.008861521,0.0,0.0,0.891907941,2.017657872,1.900769462,0.0,0.0,4.035353906,7.953856078,1.783812624,14.12516078,0.0,0.0,1.900769462,8.070683217,1.900769462,0.891907941,2.017657872,18.233042107,0.891907941,0.891907941,2.017657872,5.585278231,0.891907941,1.008861521,2.017657872,0.0,1.900769462,0.0,0.0,0.0,1.008861521,2.7926741450000003,0.0,0.0,25.673637708,0.0,0.0,0.0,1.008861521,23.232865476999997,0.0,0.0,0.891907941,0.0,0.0,0.0,0.0,2.7926741450000003,0.0,0.0,0.0,12.646215503,0.0,4.6934420160000005,4.810333916,0.0,2.7926741450000003,4.57648188,0.0,2.675784144,0.0,1.008861521,0.0,0.0,0.0,0.0,0.0,48.398197202,0.0,10.045002034,0.891907941,1.008861521,8.919048185,0.0,19.707193439,0.0,0.891907941,0.0,0.0,11.945569477,9.503805960000001,7.135420397,0.0,0.0,0.0,4.810333916,0.0,0.0,0.891907941,0.0,0.891907941,0.0,1.008861521,0.891907941,12.48652308,0.02634885,0.028854799,0.027247609000000002,0.043604894,0.0,0.0,0.0,0.0,0.014445687,0.0,0.11177967600000001,0.0,0.029409093,0.0,0.0,0.017572092,0.5088401339999999,0.0,0.006601794,0.018258397,1.0,1.0,"[[0], [0]]"
1x1,0.0,0.0,5.044216332,4.035353906,0.0,10.057502254,0.0,7.061948137,0.0,0.0,0.0,8.03980622,0.0,1.008861521,0.0,0.0,18.096775248,0.0,0.0,0.0,1.008861521,1.008861521,0.0,0.0,1.008861521,8.03980622,1.008861521,5.044216332,2.017657872,0.0,0.0,0.0,6.053099328,1.008861521,0.0,0.0,0.0,6.053099328,1.008861521,0.0,0.0,0.0,14.061333792,1.008861521,0.0,0.0,10.057502254,7.061948137,0.0,14.12516078,0.0,0.0,1.008861521,14.092831565,1.008861521,0.0,2.017657872,11.09762171,0.0,6.022148348,2.017657872,2.017657872,0.0,1.008861521,2.017657872,6.022148348,1.008861521,0.0,0.0,0.0,1.008861521,25.098823311,0.0,0.0,6.053099328,0.0,0.0,0.0,1.008861521,8.070683217,0.0,0.0,0.0,0.0,0.0,0.0,0.0,1.008861521,6.022148348,0.0,0.0,9.078595144,0.0,2.017657872,3.026521292,0.0,1.008861521,1.008861521,0.0,0.0,0.0,7.031009869,12.04367592,0.0,0.0,0.0,0.0,104.388963072,0.0,2.017657872,0.0,1.008861521,0.0,0.0,22.161721428,0.0,0.0,0.0,0.0,9.04866964,5.044216332,0.0,0.0,0.0,0.0,15.070197212,6.022148348,0.0,0.0,0.0,0.0,0.0,1.008861521,0.0,0.0,0.002387402,0.023275556,0.02206276,0.019700533000000003,0.002447184,0.0,0.0,0.0,0.014445687,0.0,0.097541625,0.0,0.0,0.0,0.0,0.016809277,0.44759387900000003,0.005567434,0.006992895,0.018258397,1.0,1.0,"[[0], [1]]"
2x2,0.0,2.889914001,5.044216332,6.925267907,0.0,4.035353906,1.444950101,7.061948137,0.0,0.0,1.444950101,2.017657872,0.0,1.008861521,1.444950101,7.224888137,16.167857038,1.444950101,0.0,0.0,1.008861521,1.008861521,0.0,0.0,2.453811622,2.017657872,2.453811622,6.489166433,3.462607973,0.0,0.0,0.0,8.943013329,3.898775522,0.0,0.0,0.0,6.053099328,1.008861521,0.0,0.0,0.0,2.017657872,1.008861521,0.0,0.0,4.035353906,7.061948137,0.0,15.570110881,0.0,0.0,1.008861521,12.405628874999998,2.453811622,0.0,2.017657872,15.432567368,0.0,8.669855849,2.017657872,2.017657872,0.0,3.898775522,2.017657872,0.0,1.008861521,1.444950101,0.0,0.0,1.008861521,1.008861521,0.0,1.444950101,7.498049429,0.0,0.0,0.0,5.343807179,8.070683217,0.0,0.0,2.889914001,0.0,0.0,0.0,0.0,2.453811622,0.0,0.0,0.0,14.85844381,0.0,3.462607973,3.026521292,1.444950101,1.008861521,2.453811622,0.0,0.0,0.0,1.008861521,10.11475771,0.0,0.0,0.0,0.0,67.041379342,0.0,17.914284212,0.0,1.008861521,8.669855849,0.0,19.029487081000003,0.0,0.0,1.444950101,0.0,5.916435293,5.044216332,1.444950101,0.0,0.0,0.0,7.36146695,0.0,0.0,1.444950101,1.444950101,1.444950101,1.444950101,1.008861521,0.0,0.0,0.0,0.023275556,0.014593417000000001,0.016353276,0.0,0.0,0.0,0.0,0.014445687,0.0,0.097541625,0.0,0.287508189,0.0,0.0,0.120069601,0.32249806400000003,0.31084095,0.006601794,0.018258397,1.0,1.0,"[[0], [2]]"
3x3,0.0,0.96942751,29.279024052,5.004781416,0.484704415,23.909080946,0.0,8.5160919,0.484704415,0.0,0.96942751,2.502362287,3.392987829,1.978289031,0.0,0.0,7.991899117,0.484704415,0.0,0.484704415,1.008861521,2.4630052840000003,0.0,0.484704415,1.008861521,2.017657872,1.008861521,5.044216332,4.441234082999999,0.0,0.0,0.96942751,12.354227961,12.156727721,0.0,0.0,1.454143763,6.5378037430000004,1.008861521,0.0,0.484704415,0.0,2.017657872,1.008861521,0.0,0.0,4.035353906,7.061948137,1.938799789,14.12516078,0.0,0.0,1.008861521,8.070683217,1.493565936,0.0,2.502362287,13.521197921,0.0,0.0,2.017657872,10.257615933,0.0,1.493565936,2.502362287,0.0,1.978289031,0.484704415,0.0,0.0,1.493565936,1.978289031,0.0,0.96942751,39.983213088,0.0,0.0,0.0,1.978289031,8.070683217,0.0,0.96942751,0.0,0.0,0.484704415,0.0,1.454143763,1.493565936,0.484704415,0.484704415,0.0,9.078595144,0.0,3.956457661,4.965321081,0.484704415,1.008861521,3.917090494,0.0,5.33184099,0.484704415,1.008861521,0.484704415,0.0,0.0,0.96942751,0.0,39.823758012,0.0,7.834135285,0.0,1.008861521,1.938799789,0.96942751,16.624277495,0.0,0.484704415,0.484704415,0.96942751,5.934750265,8.921859212000001,2.908228973,0.0,0.0,0.0,3.511225707,0.0,0.0,0.484704415,2.423576211,1.938799789,0.0,1.493565936,0.0,9.693010665,0.0,0.064918797,0.018476096,0.044328947,0.0,0.023056926,0.0,0.085128075,0.014445687,0.0,0.097541625,0.0,0.641572243,0.0,0.0,0.016809277,0.30284426600000003,0.0,0.006601794,0.018258397,1.0,1.0,"[[0], [3]]"
4x4,0.0,0.0,5.044216332,4.035353906,1.168652664,6.3726904189999996,0.0,7.061948137,0.0,1.168652664,0.0,2.017657872,0.0,1.008861521,0.0,0.0,10.727761344000001,0.0,0.0,4.674662016,3.346198034,1.008861521,0.0,0.0,1.008861521,2.017657872,1.008861521,5.044216332,2.017657872,0.0,0.0,0.0,9.559087008,1.008861521,0.0,0.0,0.0,7.221751992,6.852073608,0.0,1.168652664,0.0,3.1863105359999997,1.008861521,0.0,4.674662016,5.20400657,9.39928465,0.0,14.12516078,0.0,0.0,1.008861521,9.239335880999999,1.008861521,0.0,2.017657872,14.60360939,0.0,0.0,2.017657872,9.029640519,0.0,1.008861521,2.017657872,0.0,1.008861521,0.0,0.0,0.0,2.1775141849999997,5.683523537,0.0,0.0,9.559087008,0.0,0.0,1.168652664,2.1775141849999997,8.070683217,0.0,0.0,0.0,0.0,0.0,0.0,0.0,2.1775141849999997,0.0,1.168652664,0.0,9.078595144,0.0,4.3549943849999995,4.195173956,0.0,1.008861521,1.008861521,0.0,0.0,0.0,1.008861521,1.168652664,26.88046418,0.0,0.0,0.0,84.982988032,1.168652664,9.029640519,0.0,1.008861521,8.180577476,2.337336513,16.13957308,0.0,0.0,0.0,3.50598768,17.051020322,5.044216332,0.0,0.0,0.0,0.0,3.026521292,0.0,0.0,0.0,0.0,0.0,0.0,1.008861521,0.0,0.0,0.01595296,0.023275556,0.035564193,0.06847056800000001,0.0,0.001917426,0.0,0.0,0.014445687,0.0,0.097541625,0.0,0.35975292,0.0,0.0,0.031794221,0.366907559,0.000742606,0.007662121,0.018258397,1.0,1.0,"[[0], [4]]"
5x5,0.891907941,0.0,15.16218226,15.1398688,0.630872464,19.359642024,0.0,4.9382287940000005,1.261778128,0.0,6.200078811,0.891907941,0.630872464,0.0,0.0,3.415454382,6.200078811,1.522780405,0.630872464,0.0,3.15441617,2.414685088,0.630872464,0.0,3.15441617,13.87989957,0.630872464,4.416266187,0.891907941,0.630872464,0.0,0.0,22.429431735999998,9.549920648999999,0.0,0.0,0.630872464,2.153686069,0.0,0.630872464,0.0,1.522780405,1.261778128,0.891907941,0.0,0.0,1.892677383,4.046324111000001,3.045590752,39.74740914,0.0,0.0,0.891907941,13.87989957,1.522780405,0.891907941,9.46405467,22.275289197,0.891907941,1.522780405,3.15441617,7.352929507000001,2.784585324,11.98673564,3.785309148,0.0,0.891907941,0.630872464,0.630872464,0.0,0.0,3.676490007,0.630872464,0.630872464,20.882316508,0.0,0.0,5.047139676,0.630872464,18.947491408,0.0,0.630872464,8.462483736,1.261778128,0.0,0.0,0.630872464,3.045590752,0.0,0.630872464,2.523546441,9.876486365,0.0,11.508194601,4.307359065,1.261778128,4.307359065,4.1984928230000005,2.523546441,3.306656608,1.261778128,2.523546441,0.630872464,0.0,0.630872464,0.0,0.0,46.38053933,3.15441617,14.967152153,2.784585324,1.892677383,8.919048185,0.0,7.352929507000001,0.0,0.891907941,0.0,0.0,12.704357332999999,8.244898776,7.766292861,0.630872464,0.0,0.0,11.247867293999999,0.0,0.0,0.891907941,0.0,3.415454382,0.0,0.0,0.891907941,12.48652308,0.02634885,0.006306779,0.024863438,0.066298813,0.0,0.0,0.0,0.0,0.0,0.0,0.101539583,0.0,0.092868703,0.0,0.0727907,0.000762815,0.505301809,0.0,0.0,0.018325221,1.0,1.0,"[[1], [0]]"
6x6,0.0,0.0,0.0,15.1398688,0.630872464,6.653020812,0.0,3.15441617,1.261778128,0.0,4.416266187,6.022148348,0.630872464,0.0,0.0,2.523546441,16.459942107,0.630872464,0.630872464,0.0,3.15441617,0.630872464,0.630872464,0.0,3.15441617,19.902047918,0.630872464,4.416266187,0.0,0.630872464,0.0,0.0,12.61758203,0.630872464,0.0,0.0,0.630872464,1.261778128,0.0,0.630872464,0.0,0.630872464,13.305454048,0.0,0.0,0.0,7.9148257310000005,3.15441617,1.261778128,39.74740914,0.0,0.0,0.0,19.902047918,0.630872464,0.0,9.46405467,15.1398688,0.0,6.653020812,3.15441617,3.785309148,1.892677383,11.98673564,3.785309148,6.022148348,0.0,0.630872464,0.630872464,0.0,0.0,25.982639173,0.630872464,0.630872464,1.261778128,0.0,0.0,5.047139676,0.630872464,3.785309148,0.0,0.630872464,7.570575795,1.261778128,0.0,0.0,0.630872464,1.261778128,6.022148348,0.630872464,2.523546441,6.308866006,0.0,8.832410457,2.523546441,1.261778128,2.523546441,0.630872464,2.523546441,0.630872464,1.261778128,8.545694789,12.674548384,0.0,0.630872464,0.0,0.0,102.3713052,3.15441617,6.939807991,1.892677383,1.892677383,0.0,0.0,9.807457496,0.0,0.0,0.0,0.0,9.807457496,3.785309148,0.630872464,0.630872464,0.0,0.0,21.50773059,6.022148348,0.0,0.0,0.0,2.523546441,0.0,0.0,0.0,0.0,0.002387402,0.000727536,0.019678589,0.042394452,0.002447184,0.0,0.0,0.0,0.0,0.0,0.087301532,0.0,0.06345961,0.0,0.0727907,0.0,0.44405555399999996,0.005567434,0.000391101,0.018325221,1.0,1.0,"[[1], [1]]"
7x7,0.0,2.889914001,0.0,18.029782801,0.630872464,0.630872464,1.444950101,3.15441617,1.261778128,0.0,5.861216288,0.0,0.630872464,0.0,1.444950101,9.748434578,14.531023896999999,2.075822565,0.630872464,0.0,3.15441617,0.630872464,0.630872464,0.0,4.599366271,13.87989957,2.075822565,5.861216288,1.444950101,0.630872464,0.0,0.0,15.507496030999999,3.520786465,0.0,0.0,0.630872464,1.261778128,0.0,0.630872464,0.0,0.630872464,1.261778128,0.0,0.0,0.0,1.892677383,3.15441617,1.261778128,41.192359241000005,0.0,0.0,0.0,18.214845227999998,2.075822565,0.0,9.46405467,19.474814458,0.0,9.300728312999999,3.15441617,3.785309148,1.892677383,14.876649641,3.785309148,0.0,0.0,2.075822565,0.630872464,0.0,0.0,1.892677383,0.630872464,2.075822565,2.7067282290000003,0.0,0.0,5.047139676,4.965818122,3.785309148,0.0,0.630872464,10.460489796000001,1.261778128,0.0,0.0,0.630872464,2.7067282290000003,0.0,0.630872464,2.523546441,12.088714672,0.0,10.277360558,2.523546441,2.7067282290000003,2.523546441,2.075822565,2.523546441,0.630872464,1.261778128,2.523546441,10.745630173999999,0.0,0.630872464,0.0,0.0,65.02372147,3.15441617,22.836434331,1.892677383,1.892677383,8.669855849,0.0,6.675223149000001,0.0,0.0,1.444950101,0.0,6.675223149000001,3.785309148,2.075822565,0.630872464,0.0,0.0,13.799000327999998,0.0,0.0,1.444950101,1.444950101,3.9684965420000005,1.444950101,0.0,0.0,0.0,0.0,0.000727536,0.012209246,0.039047195,0.0,0.0,0.0,0.0,0.0,0.0,0.087301532,0.0,0.350967799,0.0,0.0727907,0.103260324,0.318959739,0.31084095,0.0,0.018325221,1.0,1.0,"[[1], [2]]"
8x8,0.0,0.96942751,24.23480772,16.10929631,1.115576879,20.504599503999998,0.0,4.608559933,1.746482543,0.0,5.385693697,0.484704415,4.023860293,0.96942751,0.0,2.523546441,6.355065976,1.115576879,0.630872464,0.484704415,3.15441617,2.085016227,0.630872464,0.484704415,3.15441617,13.87989957,0.630872464,4.416266187,2.423576211,0.630872464,0.0,0.96942751,18.918710663,11.778738663999999,0.0,0.0,2.085016227,1.746482543,0.0,0.630872464,0.484704415,0.630872464,1.261778128,0.0,0.0,0.0,1.892677383,3.15441617,3.200577917,39.74740914,0.0,0.0,0.0,13.87989957,1.115576879,0.0,9.948759084999999,17.563445011,0.0,0.630872464,3.15441617,12.025267208999999,1.892677383,12.471440054999999,4.270013563,0.0,0.96942751,1.115576879,0.630872464,0.0,0.484704415,2.862104893,0.630872464,1.600299974,35.191891888,0.0,0.0,5.047139676,1.600299974,3.785309148,0.0,1.600299974,7.570575795,1.261778128,0.484704415,0.0,2.085016227,1.746482543,0.484704415,1.115576879,2.523546441,6.308866006,0.0,10.771210245999999,4.46234623,1.746482543,2.523546441,3.539101437,2.523546441,5.962713454,1.746482543,2.523546441,1.115576879,0.0,0.630872464,0.96942751,0.0,37.80610014,3.15441617,12.756285404,1.892677383,1.892677383,1.938799789,0.96942751,4.270013563,0.0,0.484704415,0.484704415,0.96942751,6.693538121,7.662952027999999,3.539101437,0.630872464,0.0,0.0,9.948759084999999,0.0,0.0,0.484704415,2.423576211,4.46234623,0.0,0.484704415,0.0,9.693010665,0.0,0.042370777,0.016091925,0.067022866,0.0,0.023056926,0.0,0.085128075,0.0,0.0,0.087301532,0.0,0.705031853,0.0,0.0727907,0.0,0.299305941,0.0,0.0,0.018325221,1.0,1.0,"[[1], [3]]"
9x9,0.0,0.0,0.0,15.1398688,1.799525128,2.9682089769999997,0.0,3.15441617,1.261778128,1.168652664,4.416266187,0.0,0.630872464,0.0,0.0,2.523546441,9.090928203,0.630872464,0.630872464,4.674662016,5.491752683,0.630872464,0.630872464,0.0,3.15441617,13.87989957,0.630872464,4.416266187,0.0,0.630872464,0.0,0.0,16.123569709999998,0.630872464,0.0,0.0,0.630872464,2.430430792,5.843212087,0.630872464,1.168652664,0.630872464,2.430430792,0.0,0.0,4.674662016,3.061330047,5.491752683,1.261778128,39.74740914,0.0,0.0,0.0,15.048552233999999,0.630872464,0.0,9.46405467,18.64585648,0.0,0.630872464,3.15441617,10.797291795,1.892677383,11.98673564,3.785309148,0.0,0.0,0.630872464,0.630872464,0.0,1.168652664,6.567339399,0.630872464,0.630872464,4.767765808,0.0,0.0,6.215792339999999,1.799525128,3.785309148,0.0,0.630872464,7.570575795,1.261778128,0.0,0.0,0.630872464,2.430430792,0.0,1.799525128,2.523546441,6.308866006,0.0,11.16974697,3.6921991050000003,1.261778128,2.523546441,0.630872464,2.523546441,0.630872464,1.261778128,2.523546441,1.799525128,26.88046418,0.630872464,0.0,0.0,82.96533016,4.323068834,13.951790638,1.892677383,1.892677383,8.180577476,2.337336513,3.785309148,0.0,0.0,0.0,3.50598768,17.809808178,3.785309148,0.630872464,0.630872464,0.0,0.0,9.46405467,0.0,0.0,0.0,0.0,2.523546441,0.0,0.0,0.0,0.0,0.01595296,0.000727536,0.033180022,0.091164487,0.0,0.001917426,0.0,0.0,0.0,0.0,0.087301532,0.0,0.42321253,0.0,0.0727907,0.014984944,0.363369234,0.000742606,0.001060327,0.018325221,1.0,1.0,"[[1], [4]]"
10x10,0.891907941,0.0,16.943432079,8.906038237,0.0,20.510019379,0.0,5.346282395,0.0,0.0,10.689850861,0.891907941,0.0,0.0,0.0,1.782509449,5.346282395,0.891907941,0.0,1.781249819,1.781249819,1.783812624,0.0,0.0,0.0,0.890601508,0.0,7.124936959,2.67315776,0.0,0.0,0.0,15.155511194,8.919048185,0.0,0.0,0.0,0.891907941,0.0,0.0,0.890601508,0.891907941,3.562469771,0.891907941,0.0,0.0,0.890601508,2.67315776,7.127474112000001,0.0,0.0,0.890601508,0.891907941,0.890601508,0.891907941,0.891907941,0.0,30.290028737,0.891907941,0.891907941,9.796922897,4.458221867000001,4.454377712,2.671808307,2.671808307,2.671808307,0.891907941,0.0,0.0,0.0,0.0,4.455620931,0.0,0.890601508,21.401788199,0.0,0.0,0.0,0.0,17.833990567,0.890601508,0.0,2.67315776,2.671808307,0.0,0.0,0.0,3.565062443,0.0,6.234358059,0.0,16.925820409,0.0,12.472707041,2.674414132,0.0,5.346282395,3.567620359,1.781249819,2.675784144,0.0,0.0,0.890601508,0.0,1.781249819,0.890601508,0.0,46.38053933,0.0,15.152281121000001,0.891907941,0.0,10.700298003999999,0.0,11.583124143,0.0,0.891907941,0.0,0.0,8.919048185,6.240839447,8.026021905,0.890601508,0.890601508,0.890601508,12.470730704,0.0,0.0,0.891907941,1.781249819,4.454377712,0.0,0.0,0.891907941,13.377124588,0.02634885,0.018391853,0.036334588,0.066598721,0.0,0.0,0.0,0.0,0.0,0.0,0.113150264,0.0,0.029409093,0.0,0.048409627,0.000762815,0.463589574,0.0,0.0,0.00828011,1.0,1.0,"[[2], [0]]"
11x11,0.0,0.0,1.781249819,8.906038237,0.0,7.803398167,0.0,3.562469771,0.0,0.0,8.906038237,6.022148348,0.0,0.0,0.0,0.890601508,15.606145691,0.0,0.0,1.781249819,1.781249819,0.0,0.0,0.0,0.0,6.912749856,0.0,7.124936959,1.781249819,0.0,0.0,0.0,5.343661488,0.0,0.0,0.0,0.0,0.0,0.0,0.0,0.890601508,0.0,15.606145691,0.0,0.0,0.0,6.912749856,1.781249819,5.343661488,0.0,0.0,0.890601508,0.0,6.912749856,0.0,0.0,0.0,23.15460834,0.0,6.022148348,9.796922897,0.890601508,3.562469771,2.671808307,2.671808307,8.693956655000001,0.0,0.0,0.0,0.0,0.0,26.761770097,0.0,0.890601508,1.781249819,0.0,0.0,0.0,0.0,2.671808307,0.890601508,0.0,1.781249819,2.671808307,0.0,0.0,0.0,1.781249819,6.022148348,6.234358059,0.0,13.35820005,0.0,9.796922897,0.890601508,0.0,3.562469771,0.0,1.781249819,0.0,0.0,6.022148348,12.934277428,0.0,1.781249819,0.890601508,0.0,102.3713052,0.0,7.124936959,0.0,0.0,1.781249819,0.0,14.037652132,0.0,0.0,0.0,0.0,6.022148348,1.781249819,0.890601508,0.890601508,0.890601508,0.890601508,22.730594,6.022148348,0.0,0.0,1.781249819,3.562469771,0.0,0.0,0.0,0.890601508,0.002387402,0.01281261,0.031149739,0.04269436,0.002447184,0.0,0.0,0.0,0.0,0.0,0.098912213,0.0,0.0,0.0,0.048409627,0.0,0.402343319,0.005567434,0.000391101,0.00828011,1.0,1.0,"[[2], [1]]"
12x12,0.0,2.889914001,1.781249819,11.795952238000002,0.0,1.781249819,1.444950101,3.562469771,0.0,0.0,10.350988338,0.0,0.0,0.0,1.444950101,8.115489645,13.677227481,1.444950101,0.0,1.781249819,1.781249819,0.0,0.0,0.0,1.444950101,0.890601508,1.444950101,8.569887060000001,3.22619992,0.0,0.0,0.0,8.233575489,2.889914001,0.0,0.0,0.0,0.0,0.0,0.0,0.890601508,0.0,3.562469771,0.0,0.0,0.0,0.890601508,1.781249819,5.343661488,1.444950101,0.0,0.890601508,0.0,5.225547166,1.444950101,0.0,0.0,27.489553997999998,0.0,8.669855849,9.796922897,0.890601508,3.562469771,5.561722308,2.671808307,2.671808307,0.0,1.444950101,0.0,0.0,0.0,2.671808307,0.0,2.3355516090000004,3.22619992,0.0,0.0,0.0,4.334945658,2.671808307,0.890601508,0.0,4.67116382,2.671808307,0.0,0.0,0.0,3.22619992,0.0,6.234358059,0.0,19.138048716,0.0,11.241872998,0.890601508,1.444950101,3.562469771,1.444950101,1.781249819,0.0,0.0,0.0,11.005359217999999,0.0,1.781249819,0.890601508,0.0,65.02372147,0.0,23.021563299,0.0,0.0,10.451105667999999,0.0,10.905417785000001,0.0,0.0,1.444950101,0.0,2.889914001,1.781249819,2.3355516090000004,0.890601508,0.890601508,0.890601508,15.021863738,0.0,0.0,1.444950101,3.22619992,5.007419872,1.444950101,0.0,0.0,0.890601508,0.0,0.01281261,0.023680396,0.039347103,0.0,0.0,0.0,0.0,0.0,0.0,0.098912213,0.0,0.287508189,0.0,0.048409627,0.103260324,0.27724750400000003,0.31084095,0.0,0.00828011,1.0,1.0,"[[2], [2]]"
13x13,0.0,0.96942751,26.016057539,9.875465747,0.484704415,21.654976858999998,0.0,5.016613534,0.484704415,0.0,9.875465747,0.484704415,3.392987829,0.96942751,0.0,0.890601508,5.50126956,0.484704415,0.0,2.265954234,1.781249819,1.454143763,0.0,0.484704415,0.0,0.890601508,0.0,7.124936959,4.2048260299999995,0.0,0.0,0.96942751,11.644790121,11.1478662,0.0,0.0,1.454143763,0.484704415,0.0,0.0,1.375305923,0.0,3.562469771,0.0,0.0,0.0,0.890601508,1.781249819,7.282461277,0.0,0.0,0.890601508,0.0,0.890601508,0.484704415,0.0,0.484704415,25.578184551,0.0,0.0,9.796922897,9.130559568999999,3.562469771,3.156512722,3.156512722,2.671808307,0.96942751,0.484704415,0.0,0.0,0.484704415,3.641235817,0.0,1.860029018,35.711363579,0.0,0.0,0.0,0.96942751,2.671808307,0.890601508,0.96942751,1.781249819,2.671808307,0.484704415,0.0,1.454143763,2.265954234,0.484704415,6.719062474,0.0,13.35820005,0.0,11.735722685999999,2.829401297,0.484704415,3.562469771,2.908228973,1.781249819,5.33184099,0.484704415,0.0,1.375305923,0.0,1.781249819,1.860029018,0.0,37.80610014,0.0,12.941414372,0.0,0.0,3.720049608,0.96942751,8.500208199,0.0,0.484704415,0.484704415,0.96942751,2.908228973,5.658892699,3.798830481,0.890601508,0.890601508,0.890601508,11.171622495,0.0,0.0,0.484704415,4.2048260299999995,5.50126956,0.0,0.484704415,0.0,10.583612172999999,0.0,0.054455851,0.027563075,0.067322774,0.0,0.023056926,0.0,0.085128075,0.0,0.0,0.098912213,0.0,0.641572243,0.0,0.048409627,0.0,0.25759370600000003,0.0,0.0,0.00828011,1.0,1.0,"[[2], [3]]"
14x14,0.0,0.0,1.781249819,8.906038237,1.168652664,4.118586332,0.0,3.562469771,0.0,1.168652664,8.906038237,0.0,0.0,0.0,0.0,0.890601508,8.237131787,0.0,0.0,6.455911835,4.118586332,0.0,0.0,0.0,0.0,0.890601508,0.0,7.124936959,1.781249819,0.0,0.0,0.0,8.849649168000001,0.0,0.0,0.0,0.0,1.168652664,5.843212087,0.0,2.059254172,0.0,4.731122435,0.0,0.0,4.674662016,2.059254172,4.118586332,5.343661488,0.0,0.0,0.890601508,0.0,2.059254172,0.0,0.0,0.0,26.66059602,0.0,0.0,9.796922897,7.9025841549999996,3.562469771,2.671808307,2.671808307,2.671808307,0.0,0.0,0.0,0.0,1.168652664,7.346470323,0.0,0.890601508,5.287237499,0.0,0.0,1.168652664,1.168652664,2.671808307,0.890601508,0.0,1.781249819,2.671808307,0.0,0.0,0.0,2.949902483,0.0,7.4030107229999995,0.0,13.35820005,0.0,12.13425941,2.059254172,0.0,3.562469771,0.0,1.781249819,0.0,0.0,0.0,2.059254172,26.88046418,1.781249819,0.890601508,0.0,82.96533016,1.168652664,14.136919606,0.0,0.0,9.961827294999999,2.337336513,8.015503784,0.0,0.0,0.0,3.50598768,14.02449903,1.781249819,0.890601508,0.890601508,0.890601508,0.890601508,10.68691808,0.0,0.0,0.0,1.781249819,3.562469771,0.0,0.0,0.0,0.890601508,0.01595296,0.01281261,0.044651172,0.091464395,0.0,0.001917426,0.0,0.0,0.0,0.0,0.098912213,0.0,0.35975292,0.0,0.048409627,0.014984944,0.321656999,0.000742606,0.001060327,0.00828011,1.0,1.0,"[[2], [4]]"
15x15,0.891907941,0.0,15.16218226,0.0,0.0,18.72876956,0.0,1.783812624,0.0,0.0,5.757746415,2.878872021,0.0,0.0,0.0,0.891907941,1.783812624,0.891907941,0.0,0.0,0.0,1.783812624,0.0,0.0,0.0,0.0,0.0,7.947876886,2.878872021,0.0,0.0,0.0,15.77282352,8.919048185,0.0,0.0,0.0,4.865841732,1.98696408,0.0,0.0,0.891907941,0.0,0.891907941,0.0,0.0,0.0,0.891907941,7.744786438,0.0,0.0,0.0,0.891907941,1.98696408,0.891907941,0.891907941,0.0,7.135420397,0.891907941,0.891907941,0.0,5.554584439,4.865841732,3.973933791,0.0,0.0,0.891907941,0.0,0.0,0.0,0.0,1.783812624,0.0,0.0,19.62053838,0.0,0.0,1.98696408,11.92111524,15.16218226,0.0,0.0,2.878872021,0.0,0.0,0.0,0.0,1.783812624,0.0,0.0,0.0,5.554584439,0.0,10.623661030000001,1.783812624,0.0,5.757746415,3.567620359,0.0,2.675784144,0.0,0.0,0.0,0.0,0.0,0.0,0.0,58.30165457,0.0,8.027344162,0.891907941,0.0,8.919048185,0.0,11.515497245,0.0,0.891907941,0.0,0.0,10.906012265,4.459589628,7.135420397,0.0,0.0,0.0,3.770776704,0.0,0.0,0.891907941,0.0,4.865841732,0.0,0.0,0.891907941,12.48652308,0.062750272,0.005579243,0.058983587000000004,0.044151092,0.0,0.0,0.0,0.0,0.0,0.0,0.021616139,0.0,0.029409093,0.0,0.0,0.000762815,0.483923794,0.01458795,0.016644932,0.0,1.0,1.0,"[[3], [0]]"
16x16,0.0,0.0,0.0,0.0,0.0,6.022148348,0.0,0.0,0.0,0.0,3.973933791,8.009112428,0.0,0.0,0.0,0.0,12.04367592,0.0,0.0,0.0,0.0,0.0,0.0,0.0,0.0,6.022148348,0.0,7.947876886,1.98696408,0.0,0.0,0.0,5.960973814,0.0,0.0,0.0,0.0,3.973933791,1.98696408,0.0,0.0,0.0,12.04367592,0.0,0.0,0.0,6.022148348,0.0,5.960973814,0.0,0.0,0.0,0.0,8.009112428,0.0,0.0,0.0,0.0,0.0,6.022148348,0.0,1.98696408,3.973933791,3.973933791,0.0,6.022148348,0.0,0.0,0.0,0.0,0.0,24.08996179,0.0,0.0,0.0,0.0,0.0,1.98696408,11.92111524,0.0,0.0,0.0,1.98696408,0.0,0.0,0.0,0.0,0.0,6.022148348,0.0,0.0,1.98696408,0.0,7.947876886,0.0,0.0,3.973933791,0.0,0.0,0.0,0.0,6.022148348,12.04367592,0.0,0.0,0.0,0.0,114.29242044,0.0,0.0,0.0,0.0,0.0,0.0,13.970025234000001,0.0,0.0,0.0,0.0,8.009112428,0.0,0.0,0.0,0.0,0.0,14.03064,6.022148348,0.0,0.0,0.0,3.973933791,0.0,0.0,0.0,0.0,0.038788824,0.0,0.053798738,0.020246731,0.002447184,0.0,0.0,0.0,0.0,0.0,0.007378088,0.0,0.0,0.0,0.0,0.0,0.42267753900000005,0.020155384,0.017036033000000003,0.0,1.0,1.0,"[[3], [1]]"
17x17,0.0,2.889914001,0.0,2.889914001,0.0,0.0,1.444950101,0.0,0.0,0.0,5.418883892,1.98696408,0.0,0.0,1.444950101,7.224888137,10.11475771,1.444950101,0.0,0.0,0.0,0.0,0.0,0.0,1.444950101,0.0,1.444950101,9.392826987000001,3.431914181,0.0,0.0,0.0,8.850887815,2.889914001,0.0,0.0,0.0,3.973933791,1.98696408,0.0,0.0,0.0,0.0,0.0,0.0,0.0,0.0,0.0,5.960973814,1.444950101,0.0,0.0,0.0,6.321909738,1.444950101,0.0,0.0,4.334945658,0.0,8.669855849,0.0,1.98696408,3.973933791,6.863847792,0.0,0.0,0.0,1.444950101,0.0,0.0,0.0,0.0,0.0,1.444950101,1.444950101,0.0,0.0,1.98696408,16.256060898,0.0,0.0,0.0,4.876878081,0.0,0.0,0.0,0.0,1.444950101,0.0,0.0,0.0,7.766812746,0.0,9.392826987000001,0.0,1.444950101,3.973933791,1.444950101,0.0,0.0,0.0,0.0,10.11475771,0.0,0.0,0.0,0.0,76.94483671,0.0,15.89662634,0.0,0.0,8.669855849,0.0,10.837790887,0.0,0.0,1.444950101,0.0,4.876878081,0.0,1.444950101,0.0,0.0,0.0,6.321909738,0.0,0.0,1.444950101,1.444950101,5.418883892,1.444950101,0.0,0.0,0.0,0.036401422,0.0,0.046329395,0.016899474,0.0,0.0,0.0,0.0,0.0,0.0,0.007378088,0.0,0.287508189,0.0,0.0,0.103260324,0.29758172400000005,0.3254289,0.016644932,0.0,1.0,1.0,"[[3], [2]]"
18x18,0.0,0.96942751,24.23480772,0.96942751,0.484704415,19.87372704,0.0,1.454143763,0.484704415,0.0,4.9433613009999995,2.471668495,3.392987829,0.96942751,0.0,0.0,1.938799789,0.484704415,0.0,0.484704415,0.0,1.454143763,0.0,0.484704415,0.0,0.0,0.0,7.947876886,4.410540291,0.0,0.0,0.96942751,12.262102447,11.1478662,0.0,0.0,1.454143763,4.458638206,1.98696408,0.0,0.484704415,0.0,0.0,0.0,0.0,0.0,0.0,0.0,7.899773603,0.0,0.0,0.0,0.0,1.98696408,0.484704415,0.0,0.484704415,2.423576211,0.0,0.0,0.0,10.226922141,3.973933791,4.458638206,0.484704415,0.0,0.96942751,0.484704415,0.0,0.0,0.484704415,0.96942751,0.0,0.96942751,33.93011376,0.0,0.0,1.98696408,12.890542750000002,0.0,0.0,0.96942751,1.98696408,0.0,0.484704415,0.0,1.454143763,0.484704415,0.484704415,0.484704415,0.0,1.98696408,0.0,9.886676675,1.938799789,0.484704415,3.973933791,2.908228973,0.0,5.33184099,0.484704415,0.0,0.484704415,0.0,0.0,0.96942751,0.0,49.72721538,0.0,5.816477413,0.0,0.0,1.938799789,0.96942751,8.432581301,0.0,0.484704415,0.484704415,0.96942751,4.895193053,3.87764288,2.908228973,0.0,0.0,0.0,2.471668495,0.0,0.0,0.484704415,2.423576211,5.912733579999999,0.0,0.484704415,0.0,9.693010665,0.036401422,0.041643241,0.050212074,0.044875145000000005,0.0,0.023056926,0.0,0.085128075,0.0,0.0,0.007378088,0.0,0.641572243,0.0,0.0,0.0,0.27792792600000005,0.01458795,0.016644932,0.0,1.0,1.0,"[[3], [3]]"
19x19,0.0,0.0,0.0,0.0,1.168652664,2.337336513,0.0,0.0,0.0,1.168652664,3.973933791,1.98696408,0.0,0.0,0.0,0.0,4.674662016,0.0,0.0,4.674662016,2.337336513,0.0,0.0,0.0,0.0,0.0,0.0,7.947876886,1.98696408,0.0,0.0,0.0,9.466961494,0.0,0.0,0.0,0.0,5.142586455,7.830176167,0.0,1.168652664,0.0,1.168652664,0.0,0.0,4.674662016,1.168652664,2.337336513,5.960973814,0.0,0.0,0.0,0.0,3.1556167439999996,0.0,0.0,0.0,3.50598768,0.0,0.0,0.0,8.998946727,3.973933791,3.973933791,0.0,0.0,0.0,0.0,0.0,0.0,1.168652664,4.674662016,0.0,0.0,3.50598768,0.0,0.0,3.1556167439999996,13.089767904,0.0,0.0,0.0,1.98696408,0.0,0.0,0.0,0.0,1.168652664,0.0,1.168652664,0.0,1.98696408,0.0,10.285213399,1.168652664,0.0,3.973933791,0.0,0.0,0.0,0.0,0.0,1.168652664,26.88046418,0.0,0.0,0.0,94.8864454,1.168652664,7.011982647,0.0,0.0,8.180577476,2.337336513,7.947876886,0.0,0.0,0.0,3.50598768,16.01146311,0.0,0.0,0.0,0.0,0.0,1.98696408,0.0,0.0,0.0,0.0,3.973933791,0.0,0.0,0.0,0.0,0.052354382000000005,0.0,0.067300171,0.06901676600000001,0.0,0.001917426,0.0,0.0,0.0,0.0,0.007378088,0.0,0.35975292,0.0,0.0,0.014984944,0.341991219,0.015330556,0.017705259,0.0,1.0,1.0,"[[3], [4]]"
20x20,0.891907941,0.0,22.634456401,0.0,0.0,36.87573705,0.0,2.851286354,0.53373384,0.0,3.384990191,0.891907941,1.601177567,0.0,0.53373384,1.425641781,3.9187581590000002,0.891907941,0.0,0.0,2.668681418,1.783812624,0.0,0.0,1.06747373,0.53373384,0.0,2.668681418,0.891907941,0.0,0.53373384,0.53373384,18.351446084000003,16.391322326,0.0,0.0,1.06747373,5.161779131,0.0,0.0,0.53373384,0.891907941,2.668681418,0.891907941,0.53373384,0.53373384,0.0,12.101467561,4.452494042,12.27700137,0.0,0.0,0.891907941,0.0,1.425641781,1.425641781,0.0,10.871510978,0.891907941,2.493085508,0.53373384,7.837491549,3.5605893589999997,0.53373384,0.0,0.0,0.891907941,0.0,0.0,0.53373384,0.0,2.3175464640000003,0.53373384,0.0,51.10681964,0.0,0.0,0.53373384,0.53373384,17.297127795,0.0,0.0,3.026853476,0.0,0.53373384,0.0,1.06747373,7.654813438000001,0.53373384,0.0,0.53373384,5.702565894,0.53373384,8.013021886,4.986141137,0.53373384,1.783812624,4.635094089,0.53373384,5.878112657,0.0,0.0,0.0,0.0,1.601177567,0.0,0.0,46.38053933,0.53373384,10.162289697,0.891907941,0.0,9.986521914999999,0.0,3.567620359,0.0,0.891907941,0.0,0.0,11.587729603,6.594535163,9.804101815,0.0,2.134945535,0.53373384,4.452494042,1.06747373,0.0,1.959381671,1.601177567,3.5605893589999997,0.0,0.0,8.897867656999999,23.15999384,0.02634885,0.025948347,0.052193508,0.057736689,0.0,0.0,0.0,0.0,0.0,0.0,0.014238051,0.0,0.029409093,0.0,0.0,0.000762815,0.453294272,0.004664369,0.021080306,0.0,1.0,1.0,"[[4], [0]]"
21x21,0.0,0.0,7.472274141,0.0,0.0,24.169115838000003,0.0,1.06747373,0.53373384,0.0,1.601177567,6.022148348,1.601177567,0.0,0.53373384,0.53373384,14.178621455,0.0,0.0,0.0,2.668681418,0.0,0.0,0.0,1.06747373,6.555882188,0.0,2.668681418,0.0,0.0,0.53373384,0.53373384,8.539596378,7.472274141,0.0,0.0,1.06747373,4.26987119,0.0,0.0,0.53373384,0.0,14.712357338,0.0,0.53373384,0.53373384,6.022148348,11.20955962,2.668681418,12.27700137,0.0,0.0,0.0,6.022148348,0.53373384,0.53373384,0.0,3.736090581,0.0,7.623325915,0.53373384,4.26987119,2.668681418,0.53373384,0.0,6.022148348,0.0,0.0,0.0,0.53373384,0.0,24.62369563,0.53373384,0.0,31.48628126,0.0,0.0,0.53373384,0.53373384,2.134945535,0.0,0.0,2.134945535,0.0,0.53373384,0.0,1.06747373,5.871000814,6.555882188,0.0,0.53373384,2.134945535,0.53373384,5.337237742,3.202328513,0.53373384,0.0,1.06747373,0.53373384,3.202328513,0.0,6.022148348,12.04367592,0.0,1.601177567,0.0,0.0,102.3713052,0.53373384,2.134945535,0.0,0.0,1.06747373,0.0,6.022148348,0.0,0.0,0.0,0.0,8.690829766,2.134945535,2.668681418,0.0,2.134945535,0.53373384,14.712357338,7.089622078,0.0,1.06747373,1.601177567,2.668681418,0.0,0.0,8.005959716,10.67347076,0.002387402,0.020369104,0.047008659,0.033832328,0.002447184,0.0,0.0,0.0,0.0,0.0,0.0,0.0,0.0,0.0,0.0,0.0,0.392048017,0.010231803,0.021471407,0.0,1.0,1.0,"[[4], [1]]"
22x22,0.0,2.889914001,7.472274141,2.889914001,0.0,18.14696749,1.444950101,1.06747373,0.53373384,0.0,3.046127668,0.0,1.601177567,0.0,1.9786839410000001,7.758621977,12.249703245,1.444950101,0.0,0.0,2.668681418,0.0,0.0,0.0,2.512423831,0.53373384,1.444950101,4.113631519,1.444950101,0.0,0.53373384,0.53373384,11.429510379,10.362188142,0.0,0.0,1.06747373,4.26987119,0.0,0.0,0.53373384,0.0,2.668681418,0.0,0.53373384,0.53373384,0.0,11.20955962,2.668681418,13.721951471,0.0,0.0,0.0,4.334945658,1.9786839410000001,0.53373384,0.0,8.071036239,0.0,10.271033416,0.53373384,4.26987119,2.668681418,3.423647841,0.0,0.0,0.0,1.444950101,0.0,0.53373384,0.0,0.53373384,0.53373384,1.444950101,32.931231361,0.0,0.0,0.53373384,4.868679498,2.134945535,0.0,0.0,5.024859536,0.0,0.53373384,0.0,1.06747373,7.315950915,0.53373384,0.0,0.53373384,7.914794201,0.53373384,6.782187843,3.202328513,1.9786839410000001,0.0,2.512423831,0.53373384,3.202328513,0.0,0.0,10.11475771,0.0,1.601177567,0.0,0.0,65.02372147,0.53373384,18.031571874999997,0.0,0.0,9.737329578999999,0.0,2.889914001,0.0,0.0,1.444950101,0.0,5.5585954189999995,2.134945535,4.113631519,0.0,2.134945535,0.53373384,7.003627075999999,1.06747373,0.0,2.512423831,3.046127668,4.113631519,1.444950101,0.0,8.005959716,10.67347076,0.0,0.020369104,0.039539316000000005,0.030485071000000002,0.0,0.0,0.0,0.0,0.0,0.0,0.0,0.0,0.287508189,0.0,0.0,0.103260324,0.266952202,0.315505319,0.021080306,0.0,1.0,1.0,"[[4], [2]]"
23x23,0.0,0.96942751,31.707081861,0.96942751,0.484704415,38.02069453,0.0,2.521617493,1.018438255,0.0,2.5706050769999997,0.484704415,4.994165396,0.96942751,0.53373384,0.53373384,4.073745324,0.484704415,0.0,0.484704415,2.668681418,1.454143763,0.0,0.484704415,1.06747373,0.53373384,0.0,2.668681418,2.423576211,0.0,0.53373384,1.50316135,14.840725011,18.620140341,0.0,0.0,2.521617493,4.754575605,0.0,0.0,1.018438255,0.0,2.668681418,0.0,0.53373384,0.53373384,0.0,11.20955962,4.607481206999999,12.27700137,0.0,0.0,0.0,0.0,1.018438255,0.53373384,0.484704415,6.1596667919999994,0.0,1.601177567,0.53373384,12.509829251,2.668681418,1.018438255,0.484704415,0.0,0.96942751,0.484704415,0.0,0.53373384,0.484704415,1.50316135,0.53373384,0.96942751,65.41639502,0.0,0.0,0.53373384,1.50316135,2.134945535,0.0,0.96942751,2.134945535,0.0,1.018438255,0.0,2.521617493,6.355705229000001,1.018438255,0.484704415,0.53373384,2.134945535,0.53373384,7.276037531,5.141128302,1.018438255,0.0,3.9757027029999996,0.53373384,8.534169503,0.484704415,0.0,0.484704415,0.0,1.601177567,0.96942751,0.0,37.80610014,0.53373384,7.951422948,0.0,0.0,3.0062735189999996,0.96942751,0.484704415,0.0,0.484704415,0.484704415,0.96942751,5.576910391,6.012588415,5.576910391,0.0,2.134945535,0.53373384,3.1533858329999997,1.06747373,0.0,1.5521781449999998,4.024753778,4.607481206999999,0.0,0.484704415,8.005959716,20.366481425,0.0,0.062012344999999996,0.043421995000000005,0.058460742,0.0,0.023056926,0.0,0.085128075,0.0,0.0,0.0,0.0,0.641572243,0.0,0.0,0.0,0.247298404,0.004664369,0.021080306,0.0,1.0,1.0,"[[4], [3]]"
24x24,0.0,0.0,7.472274141,0.0,1.168652664,20.484304003000002,0.0,1.06747373,0.53373384,1.168652664,1.601177567,0.0,1.601177567,0.0,0.53373384,0.53373384,6.809607551,0.0,0.0,4.674662016,5.006017931,0.0,0.0,0.0,1.06747373,0.53373384,0.0,2.668681418,0.0,0.0,0.53373384,0.53373384,12.045584058000001,7.472274141,0.0,0.0,1.06747373,5.438523854,5.843212087,0.0,1.702386504,0.0,3.837334082,0.0,0.53373384,5.208395856,1.168652664,13.546896133,2.668681418,12.27700137,0.0,0.0,0.0,1.168652664,0.53373384,0.53373384,0.0,7.242078261,0.0,1.601177567,0.53373384,11.281853837,2.668681418,0.53373384,0.0,0.0,0.0,0.0,0.0,0.53373384,1.168652664,5.208395856,0.53373384,0.0,34.992268939999995,0.0,0.0,1.702386504,1.702386504,2.134945535,0.0,0.0,2.134945535,0.0,0.53373384,0.0,1.06747373,7.039653478,0.53373384,1.168652664,0.53373384,2.134945535,0.53373384,7.674574255,4.370981177,0.53373384,0.0,1.06747373,0.53373384,3.202328513,0.0,0.0,1.168652664,26.88046418,1.601177567,0.0,0.0,82.96533016,1.702386504,9.146928182,0.0,0.0,9.248051206,2.337336513,0.0,0.0,0.0,0.0,3.50598768,16.693180448,2.134945535,2.668681418,0.0,2.134945535,0.53373384,2.668681418,1.06747373,0.0,1.06747373,1.601177567,2.668681418,0.0,0.0,8.005959716,10.67347076,0.01595296,0.020369104,0.060510092,0.08260236300000001,0.0,0.001917426,0.0,0.0,0.0,0.0,0.0,0.0,0.35975292,0.0,0.0,0.014984944,0.311361697,0.005406975,0.022140633,0.0,1.0,1.0,"[[4], [4]]"
25x25,0.891907941,0.0,20.206398592,19.175222706,0.630872464,29.417144278000002,0.0,12.000176930999999,1.261778128,0.0,6.200078811,8.931714161,0.630872464,1.008861521,0.0,3.415454382,24.296854058999998,1.522780405,0.630872464,0.0,4.163277691,3.4235466089999997,0.630872464,0.0,4.163277691,21.919705790000002,1.639733985,9.460482519,2.909565813,0.630872464,0.0,0.0,28.482531064,10.558782169999999,0.0,0.0,0.630872464,8.206785396999999,1.008861521,0.630872464,0.0,1.522780405,15.32311192,1.900769462,0.0,0.0,11.950179637,11.108272247999999,3.045590752,53.872569920000004,0.0,0.0,1.900769462,27.972731134999997,2.531641926,0.891907941,11.481712542,33.372910907,0.891907941,7.544928753,5.172074042,9.370587379,2.784585324,12.995597161,5.8029670200000005,6.022148348,1.900769462,0.630872464,0.630872464,0.0,1.008861521,28.775313318000002,0.630872464,0.630872464,26.935415835999997,0.0,0.0,5.047139676,1.639733985,27.018174625,0.0,0.630872464,8.462483736,1.261778128,0.0,0.0,0.630872464,4.054452273,6.022148348,0.630872464,2.523546441,18.955081509,0.0,13.525852472999999,7.333880357000001,1.261778128,5.316220586,5.2073543440000005,2.523546441,3.306656608,1.261778128,9.55455631,12.674548384,0.0,0.630872464,0.0,0.0,150.769502402,3.15441617,16.984810025,2.784585324,2.901538904,8.919048185,0.0,29.514650935,0.0,0.891907941,0.0,0.0,21.753026972999997,13.289115108,7.766292861,0.630872464,0.0,0.0,26.318064506,6.022148348,0.0,0.891907941,0.0,3.415454382,0.0,1.008861521,0.891907941,12.48652308,0.028736252,0.029582335,0.046926198,0.085999346,0.002447184,0.0,0.0,0.0,0.014445687,0.0,0.199081208,0.0,0.092868703,0.0,0.0727907,0.017572092,0.952895688,0.005567434,0.006992895,0.036583618,2.0,2.0,"[[0, 1], [0, 1]]"
26x26,0.891907941,2.889914001,20.206398592,22.065136707,0.630872464,23.39499593,1.444950101,12.000176930999999,1.261778128,0.0,7.645028912,2.909565813,0.630872464,1.008861521,1.444950101,10.640342519,22.367935849,2.967730506,0.630872464,0.0,4.163277691,3.4235466089999997,0.630872464,0.0,5.608227792,15.897557442,3.084684086,10.90543262,4.354515914,0.630872464,0.0,0.0,31.372445065,13.448696170999998,0.0,0.0,0.630872464,8.206785396999999,1.008861521,0.630872464,0.0,1.522780405,3.279436,1.900769462,0.0,0.0,5.928031289,11.108272247999999,3.045590752,55.31752002100001,0.0,0.0,1.900769462,26.285528444999997,3.9765920269999997,0.891907941,11.481712542,37.707856565,0.891907941,10.192636254,5.172074042,9.370587379,2.784585324,15.885511162,5.8029670200000005,0.0,1.900769462,2.075822565,0.630872464,0.0,1.008861521,4.685351528,0.630872464,2.075822565,28.380365936999997,0.0,0.0,5.047139676,5.974679643,27.018174625,0.0,0.630872464,11.352397737,1.261778128,0.0,0.0,0.630872464,5.499402374,0.0,0.630872464,2.523546441,24.734930175,0.0,14.970802573999999,7.333880357000001,2.7067282290000003,5.316220586,6.652304445,2.523546441,3.306656608,1.261778128,3.532407962,10.745630173999999,0.0,0.630872464,0.0,0.0,113.421918672,3.15441617,32.881436365,2.784585324,2.901538904,17.588904034,0.0,26.382416588,0.0,0.891907941,1.444950101,0.0,18.620792626,13.289115108,9.211242962,0.630872464,0.0,0.0,18.609334244,0.0,0.0,2.3368580420000002,1.444950101,4.860404483,1.444950101,1.008861521,0.891907941,12.48652308,0.02634885,0.029582335,0.039456855,0.082652089,0.0,0.0,0.0,0.0,0.014445687,0.0,0.199081208,0.0,0.380376892,0.0,0.0727907,0.120832416,0.827799873,0.31084095,0.006601794,0.036583618,2.0,2.0,"[[0, 1], [0, 2]]"
27x27,0.891907941,0.96942751,44.441206312,20.144650216,1.115576879,43.26872297,0.0,13.454320693999998,1.746482543,0.0,7.169506321,3.394270228,4.023860293,1.978289031,0.0,3.415454382,14.191977928,2.00748482,0.630872464,0.484704415,4.163277691,4.877690372,0.630872464,0.484704415,4.163277691,15.897557442,1.639733985,9.460482519,5.333142024,0.630872464,0.0,0.96942751,34.783659697,21.706648369999996,0.0,0.0,2.085016227,8.691489811999999,1.008861521,0.630872464,0.484704415,1.522780405,3.279436,1.900769462,0.0,0.0,5.928031289,11.108272247999999,4.984390541,53.872569920000004,0.0,0.0,1.900769462,21.950582787,3.0163463409999998,0.891907941,11.966416957,35.796487117999995,0.891907941,1.522780405,5.172074042,17.61054544,2.784585324,13.480301575999999,6.287671435000001,0.0,2.870196972,1.115576879,0.630872464,0.0,1.493565936,5.654779038,0.630872464,1.600299974,60.865529595999995,0.0,0.0,5.047139676,2.609161495,27.018174625,0.0,1.600299974,8.462483736,1.261778128,0.484704415,0.0,2.085016227,4.539156688,0.484704415,1.115576879,2.523546441,18.955081509,0.0,15.464652261999998,9.272680146,1.746482543,5.316220586,8.115583317,2.523546441,8.638497598,1.746482543,3.532407962,1.115576879,0.0,0.630872464,0.96942751,0.0,86.20429734199999,3.15441617,22.801287438000003,2.784585324,2.901538904,10.857847973999998,0.96942751,23.977207002,0.0,1.376612356,0.484704415,0.96942751,18.639107598,17.166757988,10.674521834,0.630872464,0.0,0.0,14.759093000999998,0.0,0.0,1.376612356,2.423576211,5.354254171,0.0,1.493565936,0.891907941,22.179533745,0.02634885,0.071225576,0.043339534,0.11062776,0.0,0.023056926,0.0,0.085128075,0.014445687,0.0,0.199081208,0.0,0.7344409460000001,0.0,0.0727907,0.017572092,0.808146075,0.0,0.006601794,0.036583618,2.0,2.0,"[[0, 1], [0, 3]]"
28x28,0.891907941,0.0,20.206398592,19.175222706,1.799525128,25.732332443,0.0,12.000176930999999,1.261778128,1.168652664,6.200078811,2.909565813,0.630872464,1.008861521,0.0,3.415454382,16.927840155,1.522780405,0.630872464,4.674662016,6.500614204,3.4235466089999997,0.630872464,0.0,4.163277691,15.897557442,1.639733985,9.460482519,2.909565813,0.630872464,0.0,0.0,31.988518744,10.558782169999999,0.0,0.0,0.630872464,9.375438060999999,6.852073608,0.630872464,1.168652664,1.522780405,4.448088664,1.900769462,0.0,4.674662016,7.096683952999999,13.445608760999999,3.045590752,53.872569920000004,0.0,0.0,1.900769462,23.119235450999998,2.531641926,0.891907941,11.481712542,36.878898586999995,0.891907941,1.522780405,5.172074042,16.382570026,2.784585324,12.995597161,5.8029670200000005,0.0,1.900769462,0.630872464,0.630872464,0.0,2.1775141849999997,9.360013544000001,0.630872464,0.630872464,30.441403515999998,0.0,0.0,6.215792339999999,2.808386649,27.018174625,0.0,0.630872464,8.462483736,1.261778128,0.0,0.0,0.630872464,5.223104937,0.0,1.799525128,2.523546441,18.955081509,0.0,15.863188985999999,8.502533021000001,1.261778128,5.316220586,5.2073543440000005,2.523546441,3.306656608,1.261778128,3.532407962,1.799525128,26.88046418,0.630872464,0.0,0.0,131.36352736199999,4.323068834,23.996792672,2.784585324,2.901538904,17.099625660999997,2.337336513,23.492502587,0.0,0.891907941,0.0,3.50598768,29.755377654999997,13.289115108,7.766292861,0.630872464,0.0,0.0,14.274388585999999,0.0,0.0,0.891907941,0.0,3.415454382,0.0,1.008861521,0.891907941,12.48652308,0.042301809999999995,0.029582335,0.06042763100000001,0.13476938100000002,0.0,0.001917426,0.0,0.0,0.014445687,0.0,0.199081208,0.0,0.452621623,0.0,0.0727907,0.032557036,0.872209368,0.000742606,0.007662121,0.036583618,2.0,2.0,"[[0, 1], [0, 4]]"
29x29,0.0,2.889914001,5.044216332,22.065136707,0.630872464,10.688374718,1.444950101,10.216364307,1.261778128,0.0,5.861216288,8.03980622,0.630872464,1.008861521,1.444950101,9.748434578,32.627799145,2.075822565,0.630872464,0.0,4.163277691,1.639733985,0.630872464,0.0,5.608227792,21.919705790000002,3.084684086,10.90543262,3.462607973,0.630872464,0.0,0.0,21.560595359,4.5296479860000005,0.0,0.0,0.630872464,7.314877456,1.008861521,0.630872464,0.0,0.630872464,15.32311192,1.008861521,0.0,0.0,11.950179637,10.216364307,1.261778128,55.31752002100001,0.0,0.0,1.008861521,32.307676793,3.084684086,0.0,11.481712542,30.572436168,0.0,15.322876660999999,5.172074042,5.8029670200000005,1.892677383,15.885511162,5.8029670200000005,6.022148348,1.008861521,2.075822565,0.630872464,0.0,1.008861521,26.991500694,0.630872464,2.075822565,8.759827557,0.0,0.0,5.047139676,5.974679643,11.855992364999999,0.0,0.630872464,10.460489796000001,1.261778128,0.0,0.0,0.630872464,3.7155897500000004,6.022148348,0.630872464,2.523546441,21.167309816,0.0,12.295018429999999,5.550067733000001,2.7067282290000003,3.532407962,3.084684086,2.523546441,0.630872464,1.261778128,9.55455631,22.789306093999997,0.0,0.630872464,0.0,0.0,169.412684542,3.15441617,24.854092203,1.892677383,2.901538904,8.669855849,0.0,28.836944577000004,0.0,0.0,1.444950101,0.0,15.723892789,8.829525480000001,2.075822565,0.630872464,0.0,0.0,28.86919754,6.022148348,0.0,1.444950101,1.444950101,3.9684965420000005,1.444950101,1.008861521,0.0,0.0,0.002387402,0.024003092,0.034272006,0.058747728000000006,0.002447184,0.0,0.0,0.0,0.014445687,0.0,0.184843157,0.0,0.350967799,0.0,0.0727907,0.120069601,0.766553618,0.316408384,0.006992895,0.036583618,2.0,2.0,"[[0, 1], [1, 2]]"
30x30,0.0,0.96942751,29.279024052,20.144650216,1.115576879,30.562101757999997,0.0,11.670508069999999,1.746482543,0.0,5.385693697,8.524510634999999,4.023860293,1.978289031,0.0,2.523546441,24.451841224,1.115576879,0.630872464,0.484704415,4.163277691,3.0938777479999997,0.630872464,0.484704415,4.163277691,21.919705790000002,1.639733985,9.460482519,4.441234082999999,0.630872464,0.0,0.96942751,24.971809991,12.787600184999999,0.0,0.0,2.085016227,7.799581871,1.008861521,0.630872464,0.484704415,0.630872464,15.32311192,1.008861521,0.0,0.0,11.950179637,10.216364307,3.200577917,53.872569920000004,0.0,0.0,1.008861521,27.972731134999997,2.1244384,0.0,11.966416957,28.661066721,0.0,6.653020812,5.172074042,14.042925081,1.892677383,13.480301575999999,6.287671435000001,6.022148348,1.978289031,1.115576879,0.630872464,0.0,1.493565936,27.960928204,0.630872464,1.600299974,41.244991215999995,0.0,0.0,5.047139676,2.609161495,11.855992364999999,0.0,1.600299974,7.570575795,1.261778128,0.484704415,0.0,2.085016227,2.755344064,6.506852763,1.115576879,2.523546441,15.38746115,0.0,12.788868118,7.4888675220000005,1.746482543,3.532407962,4.547962957999999,2.523546441,5.962713454,1.746482543,9.55455631,13.159252798999999,0.0,0.630872464,0.96942751,0.0,142.19506321199998,3.15441617,14.773943276,1.892677383,2.901538904,1.938799789,0.96942751,26.431734991000003,0.0,0.484704415,0.484704415,0.96942751,15.742207761,12.70716836,3.539101437,0.630872464,0.0,0.0,25.018956297,6.022148348,0.0,0.484704415,2.423576211,4.46234623,0.0,1.493565936,0.0,9.693010665,0.002387402,0.065646333,0.038154685,0.086723399,0.002447184,0.023056926,0.0,0.085128075,0.014445687,0.0,0.184843157,0.0,0.705031853,0.0,0.0727907,0.016809277,0.74689982,0.005567434,0.006992895,0.036583618,2.0,2.0,"[[0, 1], [1, 3]]"
31x31,0.0,0.0,5.044216332,19.175222706,1.799525128,13.025711231,0.0,10.216364307,1.261778128,1.168652664,4.416266187,8.03980622,0.630872464,1.008861521,0.0,2.523546441,27.187703450999997,0.630872464,0.630872464,4.674662016,6.500614204,1.639733985,0.630872464,0.0,4.163277691,21.919705790000002,1.639733985,9.460482519,2.017657872,0.630872464,0.0,0.0,22.176669038,1.639733985,0.0,0.0,0.630872464,8.48353012,6.852073608,0.630872464,1.168652664,0.630872464,16.491764584000002,1.008861521,0.0,4.674662016,13.118832301,12.55370082,1.261778128,53.872569920000004,0.0,0.0,1.008861521,29.141383798999996,1.639733985,0.0,11.481712542,29.74347819,0.0,6.653020812,5.172074042,12.814949667,1.892677383,12.995597161,5.8029670200000005,6.022148348,1.008861521,0.630872464,0.630872464,0.0,2.1775141849999997,31.66616271,0.630872464,0.630872464,10.820865136,0.0,0.0,6.215792339999999,2.808386649,11.855992364999999,0.0,0.630872464,7.570575795,1.261778128,0.0,0.0,0.630872464,3.439292313,6.022148348,1.799525128,2.523546441,15.38746115,0.0,13.187404842,6.718720397,1.261778128,3.532407962,1.639733985,2.523546441,0.630872464,1.261778128,9.55455631,13.843201048,26.88046418,0.630872464,0.0,0.0,187.35429323199997,4.323068834,15.96944851,1.892677383,2.901538904,8.180577476,2.337336513,25.947030576000003,0.0,0.0,0.0,3.50598768,26.858477817999997,8.829525480000001,0.630872464,0.630872464,0.0,0.0,24.534251882,6.022148348,0.0,0.0,0.0,2.523546441,0.0,1.008861521,0.0,0.0,0.018340362,0.024003092,0.055242782000000004,0.11086502000000001,0.002447184,0.001917426,0.0,0.0,0.014445687,0.0,0.184843157,0.0,0.42321253,0.0,0.0727907,0.031794221,0.810963113,0.006310039999999999,0.008053222,0.036583618,2.0,2.0,"[[0, 1], [1, 4]]"
32x32,0.0,3.8593415110000002,29.279024052,23.034564217,1.115576879,24.53995341,1.444950101,11.670508069999999,1.746482543,0.0,6.830643798,2.502362287,4.023860293,1.978289031,1.444950101,9.748434578,22.522923014,2.56052698,0.630872464,0.484704415,4.163277691,3.0938777479999997,0.630872464,0.484704415,5.608227792,15.897557442,3.084684086,10.90543262,5.886184183999999,0.630872464,0.0,0.96942751,27.861723992,15.677514186,0.0,0.0,2.085016227,7.799581871,1.008861521,0.630872464,0.484704415,0.630872464,3.279436,1.008861521,0.0,0.0,5.928031289,10.216364307,3.200577917,55.31752002100001,0.0,0.0,1.008861521,26.285528444999997,3.569388501,0.0,11.966416957,32.996012379,0.0,9.300728312999999,5.172074042,14.042925081,1.892677383,16.370215577,6.287671435000001,0.0,1.978289031,2.56052698,0.630872464,0.0,1.493565936,3.870966414,0.630872464,3.0452500750000002,42.689941317,0.0,0.0,5.047139676,6.944107153,11.855992364999999,0.0,1.600299974,10.460489796000001,1.261778128,0.484704415,0.0,2.085016227,4.200294165000001,0.484704415,1.115576879,2.523546441,21.167309816,0.0,14.233818219,7.4888675220000005,3.1914326440000003,3.532407962,5.992913059,2.523546441,5.962713454,1.746482543,3.532407962,11.230334588999998,0.0,0.630872464,0.96942751,0.0,104.847479482,3.15441617,30.670569616,1.892677383,2.901538904,10.608655637999998,0.96942751,23.299500644000002,0.0,0.484704415,1.929654516,0.96942751,12.609973413999999,12.70716836,4.984051538,0.630872464,0.0,0.0,17.310226035,0.0,0.0,1.929654516,3.868526312,5.907296331,1.444950101,1.493565936,0.0,9.693010665,0.0,0.065646333,0.030685342,0.08337614200000001,0.0,0.023056926,0.0,0.085128075,0.014445687,0.0,0.184843157,0.0,0.9925400420000001,0.0,0.0727907,0.120069601,0.621804005,0.31084095,0.006601794,0.036583618,2.0,2.0,"[[0, 1], [2, 3]]"
33x33,0.0,2.889914001,5.044216332,22.065136707,1.799525128,7.003562883000001,1.444950101,10.216364307,1.261778128,1.168652664,5.861216288,2.017657872,0.630872464,1.008861521,1.444950101,9.748434578,25.258785240999998,2.075822565,0.630872464,4.674662016,6.500614204,1.639733985,0.630872464,0.0,5.608227792,15.897557442,3.084684086,10.90543262,3.462607973,0.630872464,0.0,0.0,25.066583039,4.5296479860000005,0.0,0.0,0.630872464,8.48353012,6.852073608,0.630872464,1.168652664,0.630872464,4.448088664,1.008861521,0.0,4.674662016,7.096683952999999,12.55370082,1.261778128,55.31752002100001,0.0,0.0,1.008861521,27.454181108999997,3.084684086,0.0,11.481712542,34.078423848,0.0,9.300728312999999,5.172074042,12.814949667,1.892677383,15.885511162,5.8029670200000005,0.0,1.008861521,2.075822565,0.630872464,0.0,2.1775141849999997,7.57620092,0.630872464,2.075822565,12.265815237,0.0,0.0,6.215792339999999,7.143332307,11.855992364999999,0.0,0.630872464,10.460489796000001,1.261778128,0.0,0.0,0.630872464,4.884242414,0.0,1.799525128,2.523546441,21.167309816,0.0,14.632354943,6.718720397,2.7067282290000003,3.532407962,3.084684086,2.523546441,0.630872464,1.261778128,3.532407962,11.914282837999998,26.88046418,0.630872464,0.0,0.0,150.00670950199998,4.323068834,31.86607485,1.892677383,2.901538904,16.850433324999997,2.337336513,22.814796229000002,0.0,0.0,1.444950101,3.50598768,23.726243470999997,8.829525480000001,2.075822565,0.630872464,0.0,0.0,16.82552162,0.0,0.0,1.444950101,1.444950101,3.9684965420000005,1.444950101,1.008861521,0.0,0.0,0.01595296,0.024003092,0.047773439,0.10751776300000002,0.0,0.001917426,0.0,0.0,0.014445687,0.0,0.184843157,0.0,0.710720719,0.0,0.0727907,0.135054545,0.685867298,0.311583556,0.007662121,0.036583618,2.0,2.0,"[[0, 1], [2, 4]]"
34x34,0.0,0.96942751,29.279024052,20.144650216,2.284229543,26.877289923,0.0,11.670508069999999,1.746482543,1.168652664,5.385693697,2.502362287,4.023860293,1.978289031,0.0,2.523546441,17.08282732,1.115576879,0.630872464,5.1593664310000005,6.500614204,3.0938777479999997,0.630872464,0.484704415,4.163277691,15.897557442,1.639733985,9.460482519,4.441234082999999,0.630872464,0.0,0.96942751,28.477797671,12.787600184999999,0.0,0.0,2.085016227,8.968234535,6.852073608,0.630872464,1.6533570789999998,0.630872464,4.448088664,1.008861521,0.0,4.674662016,7.096683952999999,12.55370082,3.200577917,53.872569920000004,0.0,0.0,1.008861521,23.119235450999998,2.1244384,0.0,11.966416957,32.167054401,0.0,0.630872464,5.172074042,21.054907728,1.892677383,13.480301575999999,6.287671435000001,0.0,1.978289031,1.115576879,0.630872464,0.0,2.6622186,8.54562843,0.630872464,1.600299974,44.75097889599999,0.0,0.0,6.215792339999999,3.777814159,11.855992364999999,0.0,1.600299974,7.570575795,1.261778128,0.484704415,0.0,2.085016227,3.9239967279999997,0.484704415,2.284229543,2.523546441,15.38746115,0.0,15.126204631,8.657520186000001,1.746482543,3.532407962,4.547962957999999,2.523546441,5.962713454,1.746482543,3.532407962,2.284229543,26.88046418,0.630872464,0.96942751,0.0,122.78908817199999,4.323068834,21.785925923,1.892677383,2.901538904,10.119377265,3.306764023,20.409586643,0.0,0.484704415,0.484704415,4.47541519,23.744558443,12.70716836,3.539101437,0.630872464,0.0,0.0,12.975280376999999,0.0,0.0,0.484704415,2.423576211,4.46234623,0.0,1.493565936,0.0,9.693010665,0.01595296,0.065646333,0.051656118,0.13549343400000002,0.0,0.024974352,0.0,0.085128075,0.014445687,0.0,0.184843157,0.0,1.064784773,0.0,0.0727907,0.031794221,0.6662135,0.000742606,0.007662121,0.036583618,2.0,2.0,"[[0, 1], [3, 4]]"
35x35,0.891907941,0.0,21.987648411000002,12.941392143000002,0.0,30.567521633,0.0,12.408230532,0.0,0.0,10.689850861,8.931714161,0.0,1.008861521,0.0,1.782509449,23.443057643,0.891907941,0.0,1.781249819,2.79011134,2.7926741450000003,0.0,0.0,1.008861521,8.930407728,1.008861521,12.169153291,4.6908156320000005,0.0,0.0,0.0,21.208610522,9.927909706,0.0,0.0,0.0,6.945007269,1.008861521,0.0,0.890601508,0.891907941,17.623803563,1.900769462,0.0,0.0,10.948103762,9.735105896999999,7.127474112000001,14.12516078,0.0,0.890601508,1.900769462,14.983433072999999,1.900769462,0.891907941,2.017657872,41.387650447,0.891907941,6.914056289,11.814580768999999,6.475879739,4.454377712,3.680669828,4.689466179,8.693956655000001,1.900769462,0.0,0.0,0.0,1.008861521,29.554444242000002,0.0,0.890601508,27.454887527,0.0,0.0,0.0,1.008861521,25.904673783999996,0.890601508,0.0,2.67315776,2.671808307,0.0,0.0,0.0,4.5739239640000005,6.022148348,6.234358059,0.0,26.004415552999998,0.0,14.490364912999999,5.700935424,0.0,6.355143916,4.57648188,1.781249819,2.675784144,0.0,7.031009869,12.934277428,0.0,1.781249819,0.890601508,0.0,150.769502402,0.0,17.169938993000002,0.891907941,1.008861521,10.700298003999999,0.0,33.744845571,0.0,0.891907941,0.0,0.0,17.967717825,11.285055779,8.026021905,0.890601508,0.890601508,0.890601508,27.540927916,6.022148348,0.0,0.891907941,1.781249819,4.454377712,0.0,1.008861521,0.891907941,13.377124588,0.028736252,0.041667408999999996,0.058397348,0.086299254,0.002447184,0.0,0.0,0.0,0.014445687,0.0,0.210691889,0.0,0.029409093,0.0,0.048409627,0.017572092,0.9111834530000001,0.005567434,0.006992895,0.026538507,2.0,2.0,"[[0, 2], [0, 1]]"
36x36,0.891907941,2.889914001,21.987648411000002,15.831306144000003,0.0,24.545373285,1.444950101,12.408230532,0.0,0.0,12.134800962,2.909565813,0.0,1.008861521,1.444950101,9.007397586,21.514139432999997,2.3368580420000002,0.0,1.781249819,2.79011134,2.7926741450000003,0.0,0.0,2.453811622,2.90825938,2.453811622,13.614103392,6.135765733,0.0,0.0,0.0,24.098524523000002,12.817823706999999,0.0,0.0,0.0,6.945007269,1.008861521,0.0,0.890601508,0.891907941,5.580127643,1.900769462,0.0,0.0,4.925955414000001,9.735105896999999,7.127474112000001,15.570110881,0.0,0.890601508,1.900769462,13.296230382999997,3.3457195630000003,0.891907941,2.017657872,45.722596105,0.891907941,9.561763789999999,11.814580768999999,6.475879739,4.454377712,6.570583829,4.689466179,2.671808307,1.900769462,1.444950101,0.0,0.0,1.008861521,5.464482452,0.0,2.3355516090000004,28.899837628,0.0,0.0,0.0,5.343807179,25.904673783999996,0.890601508,0.0,5.563071761,2.671808307,0.0,0.0,0.0,6.018874065,0.0,6.234358059,0.0,31.784264218999997,0.0,15.935315013999999,5.700935424,1.444950101,6.355143916,6.021431981,1.781249819,2.675784144,0.0,1.008861521,11.005359217999999,0.0,1.781249819,0.890601508,0.0,113.421918672,0.0,33.066565333,0.891907941,1.008861521,19.370153852999998,0.0,30.612611224000002,0.0,0.891907941,1.444950101,0.0,14.835483478,11.285055779,9.470972006,0.890601508,0.890601508,0.890601508,19.832197653999998,0.0,0.0,2.3368580420000002,3.22619992,5.899327813,1.444950101,1.008861521,0.891907941,13.377124588,0.02634885,0.041667408999999996,0.050928005000000005,0.082951997,0.0,0.0,0.0,0.0,0.014445687,0.0,0.210691889,0.0,0.316917282,0.0,0.048409627,0.120832416,0.7860876380000001,0.31084095,0.006601794,0.026538507,2.0,2.0,"[[0, 2], [0, 2]]"
37x37,0.891907941,0.96942751,46.222456131,13.910819653,0.484704415,44.419100325,0.0,13.862374294999999,0.484704415,0.0,11.659278371,3.394270228,3.392987829,1.978289031,0.0,1.782509449,13.338181511999998,1.376612356,0.0,2.265954234,2.79011134,4.246817908000001,0.0,0.484704415,1.008861521,2.90825938,1.008861521,12.169153291,7.114391843,0.0,0.0,0.96942751,27.509739155000002,21.075775905999997,0.0,0.0,1.454143763,7.429711684000001,1.008861521,0.0,1.375305923,0.891907941,5.580127643,1.900769462,0.0,0.0,4.925955414000001,9.735105896999999,9.066273901,14.12516078,0.0,0.890601508,1.900769462,8.961284724999999,2.385473877,0.891907941,2.502362287,43.811226657999995,0.891907941,0.891907941,11.814580768999999,14.7158378,4.454377712,4.1653742430000005,5.1741705940000005,2.671808307,2.870196972,0.484704415,0.0,0.0,1.493565936,6.433909962,0.0,1.860029018,61.385001286999994,0.0,0.0,0.0,1.978289031,25.904673783999996,0.890601508,0.96942751,2.67315776,2.671808307,0.484704415,0.0,1.454143763,5.058628379000001,0.484704415,6.719062474,0.0,26.004415552999998,0.0,16.429164701999998,7.639735213,0.484704415,6.355143916,7.484710853,1.781249819,8.007625134,0.484704415,1.008861521,1.375305923,0.0,1.781249819,1.860029018,0.0,86.20429734199999,0.0,22.986416406000004,0.891907941,1.008861521,12.639097792999998,0.96942751,28.207401638,0.0,1.376612356,0.484704415,0.96942751,14.85379845,15.162698659,10.934250878,0.890601508,0.890601508,0.890601508,15.981956410999999,0.0,0.0,1.376612356,4.2048260299999995,6.393177501,0.0,1.493565936,0.891907941,23.070135252999997,0.02634885,0.08331064999999999,0.054810684000000005,0.11092766800000001,0.0,0.023056926,0.0,0.085128075,0.014445687,0.0,0.210691889,0.0,0.6709813360000001,0.0,0.048409627,0.017572092,0.7664338400000001,0.0,0.006601794,0.026538507,2.0,2.0,"[[0, 2], [0, 3]]"
38x38,0.891907941,0.0,21.987648411000002,12.941392143000002,1.168652664,26.882709798,0.0,12.408230532,0.0,1.168652664,10.689850861,2.909565813,0.0,1.008861521,0.0,1.782509449,16.074043739,0.891907941,0.0,6.455911835,5.127447853,2.7926741450000003,0.0,0.0,1.008861521,2.90825938,1.008861521,12.169153291,4.6908156320000005,0.0,0.0,0.0,24.714598202,9.927909706,0.0,0.0,0.0,8.113659933000001,6.852073608,0.0,2.059254172,0.891907941,6.748780307,1.900769462,0.0,4.674662016,6.094608078,12.072442409999999,7.127474112000001,14.12516078,0.0,0.890601508,1.900769462,10.129937388999998,1.900769462,0.891907941,2.017657872,44.893638126999996,0.891907941,0.891907941,11.814580768999999,13.487862386,4.454377712,3.680669828,4.689466179,2.671808307,1.900769462,0.0,0.0,0.0,2.1775141849999997,10.139144468000001,0.0,0.890601508,30.960875207,0.0,0.0,1.168652664,2.1775141849999997,25.904673783999996,0.890601508,0.0,2.67315776,2.671808307,0.0,0.0,0.0,5.742576628,0.0,7.4030107229999995,0.0,26.004415552999998,0.0,16.827701425999997,6.8695880879999995,0.0,6.355143916,4.57648188,1.781249819,2.675784144,0.0,1.008861521,2.059254172,26.88046418,1.781249819,0.890601508,0.0,131.36352736199999,1.168652664,24.181921640000002,0.891907941,1.008861521,18.88087548,2.337336513,27.722697223,0.0,0.891907941,0.0,3.50598768,25.970068507,11.285055779,8.026021905,0.890601508,0.890601508,0.890601508,15.497251996,0.0,0.0,0.891907941,1.781249819,4.454377712,0.0,1.008861521,0.891907941,13.377124588,0.042301809999999995,0.041667408999999996,0.07189878100000001,0.135069289,0.0,0.001917426,0.0,0.0,0.014445687,0.0,0.210691889,0.0,0.389162013,0.0,0.048409627,0.032557036,0.8304971330000002,0.000742606,0.007662121,0.026538507,2.0,2.0,"[[0, 2], [0, 4]]"
39x39,0.0,2.889914001,6.8254661510000005,15.831306144000003,0.0,11.838752073,1.444950101,10.624417908,0.0,0.0,10.350988338,8.03980622,0.0,1.008861521,1.444950101,8.115489645,31.774002729,1.444950101,0.0,1.781249819,2.79011134,1.008861521,0.0,0.0,2.453811622,8.930407728,2.453811622,13.614103392,5.243857792,0.0,0.0,0.0,14.286674817000002,3.898775522,0.0,0.0,0.0,6.053099328,1.008861521,0.0,0.890601508,0.0,17.623803563,1.008861521,0.0,0.0,10.948103762,8.843197956,5.343661488,15.570110881,0.0,0.890601508,1.008861521,19.318378731,2.453811622,0.0,2.017657872,38.587175708000004,0.0,14.692004197,11.814580768999999,2.90825938,3.562469771,6.570583829,4.689466179,8.693956655000001,1.008861521,1.444950101,0.0,0.0,1.008861521,27.770631618,0.0,2.3355516090000004,9.279299248000001,0.0,0.0,0.0,5.343807179,10.742491523999998,0.890601508,0.0,4.67116382,2.671808307,0.0,0.0,0.0,4.235061441,6.022148348,6.234358059,0.0,28.216643859999998,0.0,13.259530869999999,3.9171228,1.444950101,4.571331292,2.453811622,1.781249819,0.0,0.0,7.031009869,23.049035138,0.0,1.781249819,0.890601508,0.0,169.412684542,0.0,25.039221171,0.0,1.008861521,10.451105667999999,0.0,33.067139213000004,0.0,0.0,1.444950101,0.0,11.938583641000001,6.8254661510000005,2.3355516090000004,0.890601508,0.890601508,0.890601508,30.09206095,6.022148348,0.0,1.444950101,3.22619992,5.007419872,1.444950101,1.008861521,0.0,0.890601508,0.002387402,0.036088166,0.045743156,0.05904763600000001,0.002447184,0.0,0.0,0.0,0.014445687,0.0,0.196453838,0.0,0.287508189,0.0,0.048409627,0.120069601,0.7248413830000001,0.316408384,0.006992895,0.026538507,2.0,2.0,"[[0, 2], [1, 2]]"
40x40,0.0,0.96942751,31.060273871,13.910819653,0.484704415,31.712479113,0.0,12.078561671,0.484704415,0.0,9.875465747,8.524510634999999,3.392987829,1.978289031,0.0,0.890601508,23.598044808,0.484704415,0.0,2.265954234,2.79011134,2.4630052840000003,0.0,0.484704415,1.008861521,8.930407728,1.008861521,12.169153291,6.2224839020000005,0.0,0.0,0.96942751,17.697889449,12.156727721,0.0,0.0,1.454143763,6.5378037430000004,1.008861521,0.0,1.375305923,0.0,17.623803563,1.008861521,0.0,0.0,10.948103762,8.843197956,7.282461277,14.12516078,0.0,0.890601508,1.008861521,14.983433072999999,1.493565936,0.0,2.502362287,36.675806261,0.0,6.022148348,11.814580768999999,11.148217441,3.562469771,4.1653742430000005,5.1741705940000005,8.693956655000001,1.978289031,0.484704415,0.0,0.0,1.493565936,28.740059128,0.0,1.860029018,41.764462906999995,0.0,0.0,0.0,1.978289031,10.742491523999998,0.890601508,0.96942751,1.781249819,2.671808307,0.484704415,0.0,1.454143763,3.274815755,6.506852763,6.719062474,0.0,22.436795194,0.0,13.753380558,5.855922589,0.484704415,4.571331292,3.917090494,1.781249819,5.33184099,0.484704415,7.031009869,13.418981843,0.0,1.781249819,1.860029018,0.0,142.19506321199998,0.0,14.959072244000001,0.0,1.008861521,3.720049608,0.96942751,30.661929627000003,0.0,0.484704415,0.484704415,0.96942751,11.956898613,10.703109031,3.798830481,0.890601508,0.890601508,0.890601508,26.241819707,6.022148348,0.0,0.484704415,4.2048260299999995,5.50126956,0.0,1.493565936,0.0,10.583612172999999,0.002387402,0.077731407,0.049625835,0.08702330700000001,0.002447184,0.023056926,0.0,0.085128075,0.014445687,0.0,0.196453838,0.0,0.641572243,0.0,0.048409627,0.016809277,0.7051875850000001,0.005567434,0.006992895,0.026538507,2.0,2.0,"[[0, 2], [1, 3]]"
41x41,0.0,0.0,6.8254661510000005,12.941392143000002,1.168652664,14.176088586,0.0,10.624417908,0.0,1.168652664,8.906038237,8.03980622,0.0,1.008861521,0.0,0.890601508,26.333907035,0.0,0.0,6.455911835,5.127447853,1.008861521,0.0,0.0,1.008861521,8.930407728,1.008861521,12.169153291,3.798907691,0.0,0.0,0.0,14.902748496000001,1.008861521,0.0,0.0,0.0,7.221751992,6.852073608,0.0,2.059254172,0.0,18.792456227,1.008861521,0.0,4.674662016,12.116756426,11.180534469,5.343661488,14.12516078,0.0,0.890601508,1.008861521,16.152085737,1.008861521,0.0,2.017657872,37.75821773,0.0,6.022148348,11.814580768999999,9.920242027,3.562469771,3.680669828,4.689466179,8.693956655000001,1.008861521,0.0,0.0,0.0,2.1775141849999997,32.445293634,0.0,0.890601508,11.340336827,0.0,0.0,1.168652664,2.1775141849999997,10.742491523999998,0.890601508,0.0,1.781249819,2.671808307,0.0,0.0,0.0,3.958764004,6.022148348,7.4030107229999995,0.0,22.436795194,0.0,14.151917282,5.085775464,0.0,4.571331292,1.008861521,1.781249819,0.0,0.0,7.031009869,14.102930092,26.88046418,1.781249819,0.890601508,0.0,187.35429323199997,1.168652664,16.154577478,0.0,1.008861521,9.961827294999999,2.337336513,30.177225212000003,0.0,0.0,0.0,3.50598768,23.07316867,6.8254661510000005,0.890601508,0.890601508,0.890601508,0.890601508,25.757115292,6.022148348,0.0,0.0,1.781249819,3.562469771,0.0,1.008861521,0.0,0.890601508,0.018340362,0.036088166,0.066713932,0.11116492800000001,0.002447184,0.001917426,0.0,0.0,0.014445687,0.0,0.196453838,0.0,0.35975292,0.0,0.048409627,0.031794221,0.7692508780000001,0.006310039999999999,0.008053222,0.026538507,2.0,2.0,"[[0, 2], [1, 4]]"
42x42,0.0,3.8593415110000002,31.060273871,16.800733654000002,0.484704415,25.690330765,1.444950101,12.078561671,0.484704415,0.0,11.320415848,2.502362287,3.392987829,1.978289031,1.444950101,8.115489645,21.669126598,1.929654516,0.0,2.265954234,2.79011134,2.4630052840000003,0.0,0.484704415,2.453811622,2.90825938,2.453811622,13.614103392,7.667434003,0.0,0.0,0.96942751,20.587803450000003,15.046641722,0.0,0.0,1.454143763,6.5378037430000004,1.008861521,0.0,1.375305923,0.0,5.580127643,1.008861521,0.0,0.0,4.925955414000001,8.843197956,7.282461277,15.570110881,0.0,0.890601508,1.008861521,13.296230382999997,2.938516037,0.0,2.502362287,41.010751919,0.0,8.669855849,11.814580768999999,11.148217441,3.562469771,7.055288244000001,5.1741705940000005,2.671808307,1.978289031,1.929654516,0.0,0.0,1.493565936,4.650097338,0.0,3.3049791190000004,43.209413008,0.0,0.0,0.0,6.313234689,10.742491523999998,0.890601508,0.96942751,4.67116382,2.671808307,0.484704415,0.0,1.454143763,4.719765856,0.484704415,6.719062474,0.0,28.216643859999998,0.0,15.198330659,5.855922589,1.929654516,4.571331292,5.362040595,1.781249819,5.33184099,0.484704415,1.008861521,11.490063632999998,0.0,1.781249819,1.860029018,0.0,104.847479482,0.0,30.855698584000002,0.0,1.008861521,12.389905456999998,0.96942751,27.529695280000002,0.0,0.484704415,1.929654516,0.96942751,8.824664266,10.703109031,5.243780582,0.890601508,0.890601508,0.890601508,18.533089444999998,0.0,0.0,1.929654516,5.649776130999999,6.946219661,1.444950101,1.493565936,0.0,10.583612172999999,0.0,0.077731407,0.042156492000000004,0.08367605,0.0,0.023056926,0.0,0.085128075,0.014445687,0.0,0.196453838,0.0,0.9290804320000001,0.0,0.048409627,0.120069601,0.5800917700000001,0.31084095,0.006601794,0.026538507,2.0,2.0,"[[0, 2], [2, 3]]"
43x43,0.0,2.889914001,6.8254661510000005,15.831306144000003,1.168652664,8.153940238,1.444950101,10.624417908,0.0,1.168652664,10.350988338,2.017657872,0.0,1.008861521,1.444950101,8.115489645,24.404988824999997,1.444950101,0.0,6.455911835,5.127447853,1.008861521,0.0,0.0,2.453811622,2.90825938,2.453811622,13.614103392,5.243857792,0.0,0.0,0.0,17.792662497000002,3.898775522,0.0,0.0,0.0,7.221751992,6.852073608,0.0,2.059254172,0.0,6.748780307,1.008861521,0.0,4.674662016,6.094608078,11.180534469,5.343661488,15.570110881,0.0,0.890601508,1.008861521,14.464883046999997,2.453811622,0.0,2.017657872,42.093163388,0.0,8.669855849,11.814580768999999,9.920242027,3.562469771,6.570583829,4.689466179,2.671808307,1.008861521,1.444950101,0.0,0.0,2.1775141849999997,8.355331844,0.0,2.3355516090000004,12.785286928000001,0.0,0.0,1.168652664,6.512459842999999,10.742491523999998,0.890601508,0.0,4.67116382,2.671808307,0.0,0.0,0.0,5.403714105,0.0,7.4030107229999995,0.0,28.216643859999998,0.0,15.596867383,5.085775464,1.444950101,4.571331292,2.453811622,1.781249819,0.0,0.0,1.008861521,12.174011881999999,26.88046418,1.781249819,0.890601508,0.0,150.00670950199998,1.168652664,32.051203818000005,0.0,1.008861521,18.631683144,2.337336513,27.044990865000003,0.0,0.0,1.444950101,3.50598768,19.940934323,6.8254661510000005,2.3355516090000004,0.890601508,0.890601508,0.890601508,18.04838503,0.0,0.0,1.444950101,3.22619992,5.007419872,1.444950101,1.008861521,0.0,0.890601508,0.01595296,0.036088166,0.059244589,0.107817671,0.0,0.001917426,0.0,0.0,0.014445687,0.0,0.196453838,0.0,0.647261109,0.0,0.048409627,0.135054545,0.6441550630000001,0.311583556,0.007662121,0.026538507,2.0,2.0,"[[0, 2], [2, 4]]"
44x44,0.0,0.96942751,31.060273871,13.910819653,1.6533570789999998,28.027667278,0.0,12.078561671,0.484704415,1.168652664,9.875465747,2.502362287,3.392987829,1.978289031,0.0,0.890601508,16.229030904,0.484704415,0.0,6.94061625,5.127447853,2.4630052840000003,0.0,0.484704415,1.008861521,2.90825938,1.008861521,12.169153291,6.2224839020000005,0.0,0.0,0.96942751,21.203877129000002,12.156727721,0.0,0.0,1.454143763,7.706456407,6.852073608,0.0,2.5439585869999997,0.0,6.748780307,1.008861521,0.0,4.674662016,6.094608078,11.180534469,7.282461277,14.12516078,0.0,0.890601508,1.008861521,10.129937388999998,1.493565936,0.0,2.502362287,40.181793940999995,0.0,0.0,11.814580768999999,18.160200088,3.562469771,4.1653742430000005,5.1741705940000005,2.671808307,1.978289031,0.484704415,0.0,0.0,2.6622186,9.324759354000001,0.0,1.860029018,45.27045058699999,0.0,0.0,1.168652664,3.1469416949999998,10.742491523999998,0.890601508,0.96942751,1.781249819,2.671808307,0.484704415,0.0,1.454143763,4.443468419,0.484704415,7.887715138,0.0,22.436795194,0.0,16.090717071,7.024575253,0.484704415,4.571331292,3.917090494,1.781249819,5.33184099,0.484704415,1.008861521,2.5439585869999997,26.88046418,1.781249819,1.860029018,0.0,122.78908817199999,1.168652664,21.971054891,0.0,1.008861521,11.900627084,3.306764023,24.639781279,0.0,0.484704415,0.484704415,4.47541519,19.959249295,10.703109031,3.798830481,0.890601508,0.890601508,0.890601508,14.198143787,0.0,0.0,0.484704415,4.2048260299999995,5.50126956,0.0,1.493565936,0.0,10.583612172999999,0.01595296,0.077731407,0.063127268,0.135793342,0.0,0.024974352,0.0,0.085128075,0.014445687,0.0,0.196453838,0.0,1.001325163,0.0,0.048409627,0.031794221,0.6245012650000001,0.000742606,0.007662121,0.026538507,2.0,2.0,"[[0, 2], [3, 4]]"
45x45,0.891907941,0.0,20.206398592,4.035353906,0.0,28.786271814000003,0.0,8.845760761,0.0,0.0,5.757746415,10.918678241,0.0,1.008861521,0.0,0.891907941,19.880587872,0.891907941,0.0,0.0,1.008861521,2.7926741450000003,0.0,0.0,1.008861521,8.03980622,1.008861521,12.992093218,4.896529893,0.0,0.0,0.0,21.825922848,9.927909706,0.0,0.0,0.0,10.91894106,2.995825601,0.0,0.0,0.891907941,14.061333792,1.900769462,0.0,0.0,10.057502254,7.953856078,7.744786438,14.12516078,0.0,0.0,1.900769462,16.079795644999997,1.900769462,0.891907941,2.017657872,18.233042107,0.891907941,6.914056289,2.017657872,7.572242311,4.865841732,4.982795312,2.017657872,6.022148348,1.900769462,0.0,0.0,0.0,1.008861521,26.882635935,0.0,0.0,25.673637708,0.0,0.0,1.98696408,12.929976761,23.232865476999997,0.0,0.0,2.878872021,0.0,0.0,0.0,0.0,2.7926741450000003,6.022148348,0.0,0.0,14.633179583,0.0,12.641318902,4.810333916,0.0,6.766607936000001,4.57648188,0.0,2.675784144,0.0,7.031009869,12.04367592,0.0,0.0,0.0,0.0,162.690617642,0.0,10.045002034,0.891907941,1.008861521,8.919048185,0.0,33.677218673,0.0,0.891907941,0.0,0.0,19.954681905,9.503805960000001,7.135420397,0.0,0.0,0.0,18.840973916,6.022148348,0.0,0.891907941,0.0,4.865841732,0.0,1.008861521,0.891907941,12.48652308,0.06513767399999999,0.028854799,0.081046347,0.063851625,0.002447184,0.0,0.0,0.0,0.014445687,0.0,0.11915776400000001,0.0,0.029409093,0.0,0.0,0.017572092,0.931517673,0.020155384,0.023637827000000004,0.018258397,2.0,2.0,"[[0, 3], [0, 1]]"
46x46,0.891907941,2.889914001,20.206398592,6.925267907,0.0,22.764123466,1.444950101,8.845760761,0.0,0.0,7.202696516,4.896529893,0.0,1.008861521,1.444950101,8.116796078,17.951669662,2.3368580420000002,0.0,0.0,1.008861521,2.7926741450000003,0.0,0.0,2.453811622,2.017657872,2.453811622,14.437043319,6.341479994,0.0,0.0,0.0,24.715836849000002,12.817823706999999,0.0,0.0,0.0,10.91894106,2.995825601,0.0,0.0,0.891907941,2.017657872,1.900769462,0.0,0.0,4.035353906,7.953856078,7.744786438,15.570110881,0.0,0.0,1.900769462,14.392592954999998,3.3457195630000003,0.891907941,2.017657872,22.567987764999998,0.891907941,9.561763789999999,2.017657872,7.572242311,4.865841732,7.8727093130000005,2.017657872,0.0,1.900769462,1.444950101,0.0,0.0,1.008861521,2.7926741450000003,0.0,1.444950101,27.118587809,0.0,0.0,1.98696408,17.264922419,23.232865476999997,0.0,0.0,5.7687860220000005,0.0,0.0,0.0,0.0,4.237624246,0.0,0.0,0.0,20.413028249,0.0,14.086269003,4.810333916,1.444950101,6.766607936000001,6.021431981,0.0,2.675784144,0.0,1.008861521,10.11475771,0.0,0.0,0.0,0.0,125.343033912,0.0,25.941628373999997,0.891907941,1.008861521,17.588904034,0.0,30.544984326,0.0,0.891907941,1.444950101,0.0,16.822447558,9.503805960000001,8.580370498,0.0,0.0,0.0,11.132243654,0.0,0.0,2.3368580420000002,1.444950101,6.310791833,1.444950101,1.008861521,0.891907941,12.48652308,0.062750272,0.028854799,0.073577004,0.060504368,0.0,0.0,0.0,0.0,0.014445687,0.0,0.11915776400000001,0.0,0.316917282,0.0,0.0,0.120832416,0.806421858,0.3254289,0.023246726000000002,0.018258397,2.0,2.0,"[[0, 3], [0, 2]]"
47x47,0.891907941,0.96942751,44.441206312,5.004781416,0.484704415,42.637850506,0.0,10.299904523999999,0.484704415,0.0,6.727173925,5.381234308000001,3.392987829,1.978289031,0.0,0.891907941,9.775711741,1.376612356,0.0,0.484704415,1.008861521,4.246817908000001,0.0,0.484704415,1.008861521,2.017657872,1.008861521,12.992093218,7.320106104000001,0.0,0.0,0.96942751,28.127051481000002,21.075775905999997,0.0,0.0,1.454143763,11.403645475,2.995825601,0.0,0.484704415,0.891907941,2.017657872,1.900769462,0.0,0.0,4.035353906,7.953856078,9.683586227,14.12516078,0.0,0.0,1.900769462,10.057647296999999,2.385473877,0.891907941,2.502362287,20.656618318,0.891907941,0.891907941,2.017657872,15.812200372,4.865841732,5.467499727000001,2.502362287,0.0,2.870196972,0.484704415,0.0,0.0,1.493565936,3.7621016550000004,0.0,0.96942751,59.603751468,0.0,0.0,1.98696408,13.899404271000002,23.232865476999997,0.0,0.96942751,2.878872021,0.0,0.484704415,0.0,1.454143763,3.2773785600000003,0.484704415,0.484704415,0.0,14.633179583,0.0,14.580118691,6.749133705,0.484704415,6.766607936000001,7.484710853,0.0,8.007625134,0.484704415,1.008861521,0.484704415,0.0,0.0,0.96942751,0.0,98.125412582,0.0,15.861479447,0.891907941,1.008861521,10.857847973999998,0.96942751,28.13977474,0.0,1.376612356,0.484704415,0.96942751,16.84076253,13.381448840000001,10.04364937,0.0,0.0,0.0,7.282002411000001,0.0,0.0,1.376612356,2.423576211,6.804641521,0.0,1.493565936,0.891907941,22.179533745,0.062750272,0.07049804,0.077459683,0.08848003900000001,0.0,0.023056926,0.0,0.085128075,0.014445687,0.0,0.11915776400000001,0.0,0.6709813360000001,0.0,0.0,0.017572092,0.78676806,0.01458795,0.023246726000000002,0.018258397,2.0,2.0,"[[0, 3], [0, 3]]"
48x48,0.891907941,0.0,20.206398592,4.035353906,1.168652664,25.101459979,0.0,8.845760761,0.0,1.168652664,5.757746415,4.896529893,0.0,1.008861521,0.0,0.891907941,12.511573968,0.891907941,0.0,4.674662016,3.346198034,2.7926741450000003,0.0,0.0,1.008861521,2.017657872,1.008861521,12.992093218,4.896529893,0.0,0.0,0.0,25.331910528,9.927909706,0.0,0.0,0.0,12.087593724,8.839037688000001,0.0,1.168652664,0.891907941,3.1863105359999997,1.900769462,0.0,4.674662016,5.20400657,10.291192591,7.744786438,14.12516078,0.0,0.0,1.900769462,11.226299960999999,1.900769462,0.891907941,2.017657872,21.739029787,0.891907941,0.891907941,2.017657872,14.584224958,4.865841732,4.982795312,2.017657872,0.0,1.900769462,0.0,0.0,0.0,2.1775141849999997,7.467336161,0.0,0.0,29.179625388,0.0,0.0,3.1556167439999996,14.098629425,23.232865476999997,0.0,0.0,2.878872021,0.0,0.0,0.0,0.0,3.961326809,0.0,1.168652664,0.0,14.633179583,0.0,14.978655415,5.97898658,0.0,6.766607936000001,4.57648188,0.0,2.675784144,0.0,1.008861521,1.168652664,26.88046418,0.0,0.0,0.0,143.284642602,1.168652664,17.056984681,0.891907941,1.008861521,17.099625660999997,2.337336513,27.655070325,0.0,0.891907941,0.0,3.50598768,27.957032587,9.503805960000001,7.135420397,0.0,0.0,0.0,6.797297996,0.0,0.0,0.891907941,0.0,4.865841732,0.0,1.008861521,0.891907941,12.48652308,0.078703232,0.028854799,0.09454778,0.11262166000000001,0.0,0.001917426,0.0,0.0,0.014445687,0.0,0.11915776400000001,0.0,0.389162013,0.0,0.0,0.032557036,0.850831353,0.015330556,0.024307053000000002,0.018258397,2.0,2.0,"[[0, 3], [0, 4]]"
49x49,0.0,2.889914001,5.044216332,6.925267907,0.0,10.057502254,1.444950101,7.061948137,0.0,0.0,5.418883892,10.026770299999999,0.0,1.008861521,1.444950101,7.224888137,28.211532958,1.444950101,0.0,0.0,1.008861521,1.008861521,0.0,0.0,2.453811622,8.03980622,2.453811622,14.437043319,5.449572053,0.0,0.0,0.0,14.903987143000002,3.898775522,0.0,0.0,0.0,10.027033119,2.995825601,0.0,0.0,0.0,14.061333792,1.008861521,0.0,0.0,10.057502254,7.061948137,5.960973814,15.570110881,0.0,0.0,1.008861521,20.414741302999996,2.453811622,0.0,2.017657872,15.432567368,0.0,14.692004197,2.017657872,4.004621952,3.973933791,7.8727093130000005,2.017657872,6.022148348,1.008861521,1.444950101,0.0,0.0,1.008861521,25.098823311,0.0,1.444950101,7.498049429,0.0,0.0,1.98696408,17.264922419,8.070683217,0.0,0.0,4.876878081,0.0,0.0,0.0,0.0,2.453811622,6.022148348,0.0,0.0,16.84540789,0.0,11.410484859,3.026521292,1.444950101,4.982795312,2.453811622,0.0,0.0,0.0,7.031009869,22.158433629999998,0.0,0.0,0.0,0.0,181.333799782,0.0,17.914284212,0.0,1.008861521,8.669855849,0.0,32.999512315000004,0.0,0.0,1.444950101,0.0,13.925547721000001,5.044216332,1.444950101,0.0,0.0,0.0,21.39210695,6.022148348,0.0,1.444950101,1.444950101,5.418883892,1.444950101,1.008861521,0.0,0.0,0.038788824,0.023275556,0.06839215500000001,0.036600007000000004,0.002447184,0.0,0.0,0.0,0.014445687,0.0,0.10491971300000001,0.0,0.287508189,0.0,0.0,0.120069601,0.7451756030000001,0.330996334,0.023637827000000004,0.018258397,2.0,2.0,"[[0, 3], [1, 2]]"
50x50,0.0,0.96942751,29.279024052,5.004781416,0.484704415,29.931229293999998,0.0,8.5160919,0.484704415,0.0,4.9433613009999995,10.511474714999999,3.392987829,1.978289031,0.0,0.0,20.035575037,0.484704415,0.0,0.484704415,1.008861521,2.4630052840000003,0.0,0.484704415,1.008861521,8.03980622,1.008861521,12.992093218,6.428198162999999,0.0,0.0,0.96942751,18.315201775000002,12.156727721,0.0,0.0,1.454143763,10.511737534,2.995825601,0.0,0.484704415,0.0,14.061333792,1.008861521,0.0,0.0,10.057502254,7.061948137,7.899773603,14.12516078,0.0,0.0,1.008861521,16.079795644999997,1.493565936,0.0,2.502362287,13.521197921,0.0,6.022148348,2.017657872,12.244580013,3.973933791,5.467499727000001,2.502362287,6.022148348,1.978289031,0.484704415,0.0,0.0,1.493565936,26.068250821,0.0,0.96942751,39.983213088,0.0,0.0,1.98696408,13.899404271000002,8.070683217,0.0,0.96942751,1.98696408,0.0,0.484704415,0.0,1.454143763,1.493565936,6.506852763,0.484704415,0.0,11.065559224,0.0,11.904334547000001,4.965321081,0.484704415,4.982795312,3.917090494,0.0,5.33184099,0.484704415,7.031009869,12.528380335,0.0,0.0,0.96942751,0.0,154.11617845199999,0.0,7.834135285,0.0,1.008861521,1.938799789,0.96942751,30.594302729000002,0.0,0.484704415,0.484704415,0.96942751,13.943862693,8.921859212000001,2.908228973,0.0,0.0,0.0,17.541865707,6.022148348,0.0,0.484704415,2.423576211,5.912733579999999,0.0,1.493565936,0.0,9.693010665,0.038788824,0.064918797,0.07227483400000001,0.064575678,0.002447184,0.023056926,0.0,0.085128075,0.014445687,0.0,0.10491971300000001,0.0,0.641572243,0.0,0.0,0.016809277,0.7255218050000001,0.020155384,0.023637827000000004,0.018258397,2.0,2.0,"[[0, 3], [1, 3]]"
51x51,0.0,0.0,5.044216332,4.035353906,1.168652664,12.394838767,0.0,7.061948137,0.0,1.168652664,3.973933791,10.026770299999999,0.0,1.008861521,0.0,0.0,22.771437264,0.0,0.0,4.674662016,3.346198034,1.008861521,0.0,0.0,1.008861521,8.03980622,1.008861521,12.992093218,4.004621952,0.0,0.0,0.0,15.520060822000001,1.008861521,0.0,0.0,0.0,11.195685783,8.839037688000001,0.0,1.168652664,0.0,15.229986455999999,1.008861521,0.0,4.674662016,11.226154917999999,9.39928465,5.960973814,14.12516078,0.0,0.0,1.008861521,17.248448308999997,1.008861521,0.0,2.017657872,14.60360939,0.0,6.022148348,2.017657872,11.016604599,3.973933791,4.982795312,2.017657872,6.022148348,1.008861521,0.0,0.0,0.0,2.1775141849999997,29.773485327,0.0,0.0,9.559087008,0.0,0.0,3.1556167439999996,14.098629425,8.070683217,0.0,0.0,1.98696408,0.0,0.0,0.0,0.0,2.1775141849999997,6.022148348,1.168652664,0.0,11.065559224,0.0,12.302871271,4.195173956,0.0,4.982795312,1.008861521,0.0,0.0,0.0,7.031009869,13.212328584,26.88046418,0.0,0.0,0.0,199.27540847199998,1.168652664,9.029640519,0.0,1.008861521,8.180577476,2.337336513,30.109598314000003,0.0,0.0,0.0,3.50598768,25.06013275,5.044216332,0.0,0.0,0.0,0.0,17.057161292,6.022148348,0.0,0.0,0.0,3.973933791,0.0,1.008861521,0.0,0.0,0.054741784,0.023275556,0.089362931,0.088717299,0.002447184,0.001917426,0.0,0.0,0.014445687,0.0,0.10491971300000001,0.0,0.35975292,0.0,0.0,0.031794221,0.7895850980000001,0.020897989999999998,0.024698154000000003,0.018258397,2.0,2.0,"[[0, 3], [1, 4]]"
52x52,0.0,3.8593415110000002,29.279024052,7.894695417,0.484704415,23.909080946,1.444950101,8.5160919,0.484704415,0.0,6.388311402,4.489326367,3.392987829,1.978289031,1.444950101,7.224888137,18.106656827000002,1.929654516,0.0,0.484704415,1.008861521,2.4630052840000003,0.0,0.484704415,2.453811622,2.017657872,2.453811622,14.437043319,7.873148263999999,0.0,0.0,0.96942751,21.205115776000003,15.046641722,0.0,0.0,1.454143763,10.511737534,2.995825601,0.0,0.484704415,0.0,2.017657872,1.008861521,0.0,0.0,4.035353906,7.061948137,7.899773603,15.570110881,0.0,0.0,1.008861521,14.392592954999998,2.938516037,0.0,2.502362287,17.856143579,0.0,8.669855849,2.017657872,12.244580013,3.973933791,8.357413728000001,2.502362287,0.0,1.978289031,1.929654516,0.0,0.0,1.493565936,1.978289031,0.0,2.414377611,41.428163188999996,0.0,0.0,1.98696408,18.234349929,8.070683217,0.0,0.96942751,4.876878081,0.0,0.484704415,0.0,1.454143763,2.938516037,0.484704415,0.484704415,0.0,16.84540789,0.0,13.349284648000001,4.965321081,1.929654516,4.982795312,5.362040595,0.0,5.33184099,0.484704415,1.008861521,10.599462124999999,0.0,0.0,0.96942751,0.0,116.768594722,0.0,23.730761625,0.0,1.008861521,10.608655637999998,0.96942751,27.462068382,0.0,0.484704415,1.929654516,0.96942751,10.811628346,8.921859212000001,4.353179074,0.0,0.0,0.0,9.833135445,0.0,0.0,1.929654516,3.868526312,7.357683681,1.444950101,1.493565936,0.0,9.693010665,0.036401422,0.064918797,0.06480549099999999,0.061228421000000005,0.0,0.023056926,0.0,0.085128075,0.014445687,0.0,0.10491971300000001,0.0,0.9290804320000001,0.0,0.0,0.120069601,0.6004259900000001,0.3254289,0.023246726000000002,0.018258397,2.0,2.0,"[[0, 3], [2, 3]]"
53x53,0.0,2.889914001,5.044216332,6.925267907,1.168652664,6.3726904189999996,1.444950101,7.061948137,0.0,1.168652664,5.418883892,4.004621952,0.0,1.008861521,1.444950101,7.224888137,20.842519054,1.444950101,0.0,4.674662016,3.346198034,1.008861521,0.0,0.0,2.453811622,2.017657872,2.453811622,14.437043319,5.449572053,0.0,0.0,0.0,18.409974823000002,3.898775522,0.0,0.0,0.0,11.195685783,8.839037688000001,0.0,1.168652664,0.0,3.1863105359999997,1.008861521,0.0,4.674662016,5.20400657,9.39928465,5.960973814,15.570110881,0.0,0.0,1.008861521,15.561245618999997,2.453811622,0.0,2.017657872,18.938555048,0.0,8.669855849,2.017657872,11.016604599,3.973933791,7.8727093130000005,2.017657872,0.0,1.008861521,1.444950101,0.0,0.0,2.1775141849999997,5.683523537,0.0,1.444950101,11.004037109,0.0,0.0,3.1556167439999996,18.433575083,8.070683217,0.0,0.0,4.876878081,0.0,0.0,0.0,0.0,3.6224642859999996,0.0,1.168652664,0.0,16.84540789,0.0,13.747821372,4.195173956,1.444950101,4.982795312,2.453811622,0.0,0.0,0.0,1.008861521,11.283410373999999,26.88046418,0.0,0.0,0.0,161.92782474199998,1.168652664,24.926266859,0.0,1.008861521,16.850433324999997,2.337336513,26.977363967000002,0.0,0.0,1.444950101,3.50598768,21.927898403,5.044216332,1.444950101,0.0,0.0,0.0,9.34843103,0.0,0.0,1.444950101,1.444950101,5.418883892,1.444950101,1.008861521,0.0,0.0,0.052354382000000005,0.023275556,0.081893588,0.08537004200000001,0.0,0.001917426,0.0,0.0,0.014445687,0.0,0.10491971300000001,0.0,0.647261109,0.0,0.0,0.135054545,0.6644892830000001,0.326171506,0.024307053000000002,0.018258397,2.0,2.0,"[[0, 3], [2, 4]]"
54x54,0.0,0.96942751,29.279024052,5.004781416,1.6533570789999998,26.246417459,0.0,8.5160919,0.484704415,1.168652664,4.9433613009999995,4.489326367,3.392987829,1.978289031,0.0,0.0,12.666561133,0.484704415,0.0,5.1593664310000005,3.346198034,2.4630052840000003,0.0,0.484704415,1.008861521,2.017657872,1.008861521,12.992093218,6.428198162999999,0.0,0.0,0.96942751,21.821189455000003,12.156727721,0.0,0.0,1.454143763,11.680390198,8.839037688000001,0.0,1.6533570789999998,0.0,3.1863105359999997,1.008861521,0.0,4.674662016,5.20400657,9.39928465,7.899773603,14.12516078,0.0,0.0,1.008861521,11.226299960999999,1.493565936,0.0,2.502362287,17.027185601,0.0,0.0,2.017657872,19.25656266,3.973933791,5.467499727000001,2.502362287,0.0,1.978289031,0.484704415,0.0,0.0,2.6622186,6.652951047,0.0,0.96942751,43.489200767999996,0.0,0.0,3.1556167439999996,15.068056935000001,8.070683217,0.0,0.96942751,1.98696408,0.0,0.484704415,0.0,1.454143763,2.6622186,0.484704415,1.6533570789999998,0.0,11.065559224,0.0,14.241671060000002,6.133973745,0.484704415,4.982795312,3.917090494,0.0,5.33184099,0.484704415,1.008861521,1.6533570789999998,26.88046418,0.0,0.96942751,0.0,134.710203412,1.168652664,14.846117932,0.0,1.008861521,10.119377265,3.306764023,24.572154381,0.0,0.484704415,0.484704415,4.47541519,21.946213375,8.921859212000001,2.908228973,0.0,0.0,0.0,5.498189787,0.0,0.0,0.484704415,2.423576211,5.912733579999999,0.0,1.493565936,0.0,9.693010665,0.052354382000000005,0.064918797,0.085776267,0.11334571300000001,0.0,0.024974352,0.0,0.085128075,0.014445687,0.0,0.10491971300000001,0.0,1.001325163,0.0,0.0,0.031794221,0.6448354850000001,0.015330556,0.024307053000000002,0.018258397,2.0,2.0,"[[0, 3], [3, 4]]"
55x55,0.891907941,0.0,27.678672733,4.035353906,0.0,46.933239304000004,0.0,9.913234490999999,0.53373384,0.0,3.384990191,8.931714161,1.601177567,1.008861521,0.53373384,1.425641781,22.015533407,0.891907941,0.0,0.0,3.677542939,2.7926741450000003,0.0,0.0,2.0763352509999997,8.57354006,1.008861521,7.71289775,2.909565813,0.0,0.53373384,0.53373384,24.404545412,17.400183847,0.0,0.0,1.06747373,11.214878459,1.008861521,0.0,0.53373384,0.891907941,16.730015209999998,1.900769462,0.53373384,0.53373384,10.057502254,19.163415698,4.452494042,26.402162150000002,0.0,0.0,1.900769462,14.092831565,2.434503302,1.425641781,2.017657872,21.969132688000002,0.891907941,8.515233856,2.551391712,9.855149421,3.5605893589999997,1.542595361,2.017657872,6.022148348,1.900769462,0.0,0.0,0.53373384,1.008861521,27.416369775,0.53373384,0.0,57.159918968,0.0,0.0,0.53373384,1.542595361,25.367811011999997,0.0,0.0,3.026853476,0.0,0.53373384,0.0,1.06747373,8.663674959,6.555882188,0.0,0.53373384,14.781161038,0.53373384,10.030679758,8.012662428999999,0.53373384,2.7926741450000003,5.64395561,0.53373384,5.878112657,0.0,7.031009869,12.04367592,0.0,1.601177567,0.0,0.0,150.769502402,0.53373384,12.179947569,0.891907941,1.008861521,9.986521914999999,0.0,25.729341787000003,0.0,0.891907941,0.0,0.0,20.636399243,11.638751495000001,9.804101815,0.0,2.134945535,0.53373384,19.522691254,7.089622078,0.0,1.959381671,1.601177567,3.5605893589999997,0.0,1.008861521,8.897867656999999,23.15999384,0.028736252,0.049223903,0.074256268,0.077437222,0.002447184,0.0,0.0,0.0,0.014445687,0.0,0.11177967600000001,0.0,0.029409093,0.0,0.0,0.017572092,0.9008881510000001,0.010231803,0.028073201000000002,0.018258397,2.0,2.0,"[[0, 4], [0, 1]]"
56x56,0.891907941,2.889914001,27.678672733,6.925267907,0.0,40.911090956,1.444950101,9.913234490999999,0.53373384,0.0,4.829940292,2.909565813,1.601177567,1.008861521,1.9786839410000001,8.650529918,20.086615197,2.3368580420000002,0.0,0.0,3.677542939,2.7926741450000003,0.0,0.0,3.5212853519999996,2.551391712,2.453811622,9.157847851,4.354515914,0.0,0.53373384,0.53373384,27.294459413000002,20.290097848000002,0.0,0.0,1.06747373,11.214878459,1.008861521,0.0,0.53373384,0.891907941,4.686339289999999,1.900769462,0.53373384,0.53373384,4.035353906,19.163415698,4.452494042,27.847112251000002,0.0,0.0,1.900769462,12.405628874999998,3.8794534030000003,1.425641781,2.017657872,26.304078346,0.891907941,11.162941357,2.551391712,9.855149421,3.5605893589999997,4.432509362,2.017657872,0.0,1.900769462,1.444950101,0.0,0.53373384,1.008861521,3.3264079850000003,0.53373384,1.444950101,58.604869069,0.0,0.0,0.53373384,5.877541019,25.367811011999997,0.0,0.0,5.9167674770000005,0.0,0.53373384,0.0,1.06747373,10.10862506,0.53373384,0.0,0.53373384,20.561009704,0.53373384,11.475629859,8.012662428999999,1.9786839410000001,2.7926741450000003,7.088905711,0.53373384,5.878112657,0.0,1.008861521,10.11475771,0.0,1.601177567,0.0,0.0,113.421918672,0.53373384,28.076573908999997,0.891907941,1.008861521,18.656377764,0.0,22.597107440000002,0.0,0.891907941,1.444950101,0.0,17.504164896,11.638751495000001,11.249051915999999,0.0,2.134945535,0.53373384,11.813960992,1.06747373,0.0,3.404331772,3.046127668,5.00553946,1.444950101,1.008861521,8.897867656999999,23.15999384,0.02634885,0.049223903,0.066786925,0.074089965,0.0,0.0,0.0,0.0,0.014445687,0.0,0.11177967600000001,0.0,0.316917282,0.0,0.0,0.120832416,0.7757923360000001,0.315505319,0.0276821,0.018258397,2.0,2.0,"[[0, 4], [0, 2]]"
57x57,0.891907941,0.96942751,51.913480453,5.004781416,0.484704415,60.784817996,0.0,11.367378253999998,1.018438255,0.0,4.354417701,3.394270228,4.994165396,1.978289031,0.53373384,1.425641781,11.910657275999998,1.376612356,0.0,0.484704415,3.677542939,4.246817908000001,0.0,0.484704415,2.0763352509999997,2.551391712,1.008861521,7.71289775,5.333142024,0.0,0.53373384,1.50316135,30.705674045000002,28.548050047,0.0,0.0,2.521617493,11.699582873999999,1.008861521,0.0,1.018438255,0.891907941,4.686339289999999,1.900769462,0.53373384,0.53373384,4.035353906,19.163415698,6.391293831,26.402162150000002,0.0,0.0,1.900769462,8.070683217,2.919207717,1.425641781,2.502362287,24.392708899000002,0.891907941,2.493085508,2.551391712,18.095107482,3.5605893589999997,2.027299776,2.502362287,0.0,2.870196972,0.484704415,0.0,0.53373384,1.493565936,4.295835495,0.53373384,0.96942751,91.090032728,0.0,0.0,0.53373384,2.512022871,25.367811011999997,0.0,0.96942751,3.026853476,0.0,1.018438255,0.0,2.521617493,9.148379374,1.018438255,0.484704415,0.53373384,14.781161038,0.53373384,11.969479546999999,9.951462218,1.018438255,2.7926741450000003,8.552184582999999,0.53373384,11.209953646999999,0.484704415,1.008861521,0.484704415,0.0,1.601177567,0.96942751,0.0,86.20429734199999,0.53373384,17.996424982,0.891907941,1.008861521,11.925321703999998,0.96942751,20.191897854,0.0,1.376612356,0.484704415,0.96942751,17.522479867999998,15.516394375,12.712330788,0.0,2.134945535,0.53373384,7.963719749000001,1.06747373,0.0,2.444086086,4.024753778,5.499389148,0.0,1.493565936,8.897867656999999,32.853004505,0.02634885,0.090867144,0.070669604,0.102065636,0.0,0.023056926,0.0,0.085128075,0.014445687,0.0,0.11177967600000001,0.0,0.6709813360000001,0.0,0.0,0.017572092,0.7561385380000001,0.004664369,0.0276821,0.018258397,2.0,2.0,"[[0, 4], [0, 3]]"
58x58,0.891907941,0.0,27.678672733,4.035353906,1.168652664,43.248427469,0.0,9.913234490999999,0.53373384,1.168652664,3.384990191,2.909565813,1.601177567,1.008861521,0.53373384,1.425641781,14.646519503,0.891907941,0.0,4.674662016,6.014879452,2.7926741450000003,0.0,0.0,2.0763352509999997,2.551391712,1.008861521,7.71289775,2.909565813,0.0,0.53373384,0.53373384,27.910533092,17.400183847,0.0,0.0,1.06747373,12.383531123,6.852073608,0.0,1.702386504,0.891907941,5.854991953999999,1.900769462,0.53373384,5.208395856,5.20400657,21.500752211000002,4.452494042,26.402162150000002,0.0,0.0,1.900769462,9.239335880999999,2.434503302,1.425641781,2.017657872,25.475120368000002,0.891907941,2.493085508,2.551391712,16.867132068,3.5605893589999997,1.542595361,2.017657872,0.0,1.900769462,0.0,0.0,0.53373384,2.1775141849999997,8.001070001,0.53373384,0.0,60.665906647999996,0.0,0.0,1.702386504,2.7112480249999997,25.367811011999997,0.0,0.0,3.026853476,0.0,0.53373384,0.0,1.06747373,9.832327623,0.53373384,1.168652664,0.53373384,14.781161038,0.53373384,12.368016271,9.181315092999998,0.53373384,2.7926741450000003,5.64395561,0.53373384,5.878112657,0.0,1.008861521,1.168652664,26.88046418,1.601177567,0.0,0.0,131.36352736199999,1.702386504,19.191930216,0.891907941,1.008861521,18.167099391,2.337336513,19.707193439,0.0,0.891907941,0.0,3.50598768,28.638749925,11.638751495000001,9.804101815,0.0,2.134945535,0.53373384,7.4790153340000005,1.06747373,0.0,1.959381671,1.601177567,3.5605893589999997,0.0,1.008861521,8.897867656999999,23.15999384,0.042301809999999995,0.049223903,0.08775770100000001,0.12620725700000002,0.0,0.001917426,0.0,0.0,0.014445687,0.0,0.11177967600000001,0.0,0.389162013,0.0,0.0,0.032557036,0.8202018310000001,0.005406975,0.028742427,0.018258397,2.0,2.0,"[[0, 4], [0, 4]]"
59x59,0.0,2.889914001,12.516490473000001,6.925267907,0.0,28.204469744,1.444950101,8.129421867,0.53373384,0.0,3.046127668,8.03980622,1.601177567,1.008861521,1.9786839410000001,7.758621977,30.346478493,1.444950101,0.0,0.0,3.677542939,1.008861521,0.0,0.0,3.5212853519999996,8.57354006,2.453811622,9.157847851,3.462607973,0.0,0.53373384,0.53373384,17.482609707,11.371049663,0.0,0.0,1.06747373,10.322970518,1.008861521,0.0,0.53373384,0.0,16.730015209999998,1.008861521,0.53373384,0.53373384,10.057502254,18.271507757000002,2.668681418,27.847112251000002,0.0,0.0,1.008861521,18.427777223,2.987545462,0.53373384,2.017657872,19.168657949,0.0,16.293181764,2.551391712,6.287529062,2.668681418,4.432509362,2.017657872,6.022148348,1.008861521,1.444950101,0.0,0.53373384,1.008861521,25.632557151,0.53373384,1.444950101,38.984330689000004,0.0,0.0,0.53373384,5.877541019,10.205628751999999,0.0,0.0,5.024859536,0.0,0.53373384,0.0,1.06747373,8.324812436,6.555882188,0.0,0.53373384,16.993389345,0.53373384,8.799845715,6.228849804999999,1.9786839410000001,1.008861521,3.5212853519999996,0.53373384,3.202328513,0.0,7.031009869,22.158433629999998,0.0,1.601177567,0.0,0.0,169.412684542,0.53373384,20.049229747,0.0,1.008861521,9.737329578999999,0.0,25.051635429,0.0,0.0,1.444950101,0.0,14.607265059,7.179161867,4.113631519,0.0,2.134945535,0.53373384,22.073824288,7.089622078,0.0,2.512423831,3.046127668,4.113631519,1.444950101,1.008861521,8.005959716,10.67347076,0.002387402,0.04364466,0.061602076,0.050185604,0.002447184,0.0,0.0,0.0,0.014445687,0.0,0.097541625,0.0,0.287508189,0.0,0.0,0.120069601,0.714546081,0.321072753,0.028073201000000002,0.018258397,2.0,2.0,"[[0, 4], [1, 2]]"
60x60,0.0,0.96942751,36.751298193,5.004781416,0.484704415,48.078196784,0.0,9.583565629999999,1.018438255,0.0,2.5706050769999997,8.524510634999999,4.994165396,1.978289031,0.53373384,0.53373384,22.170520572,0.484704415,0.0,0.484704415,3.677542939,2.4630052840000003,0.0,0.484704415,2.0763352509999997,8.57354006,1.008861521,7.71289775,4.441234082999999,0.0,0.53373384,1.50316135,20.893824339000002,19.629001862,0.0,0.0,2.521617493,10.807674933,1.008861521,0.0,1.018438255,0.0,16.730015209999998,1.008861521,0.53373384,0.53373384,10.057502254,18.271507757000002,4.607481206999999,26.402162150000002,0.0,0.0,1.008861521,14.092831565,2.027299776,0.53373384,2.502362287,17.257288502,0.0,7.623325915,2.551391712,14.527487123,2.668681418,2.027299776,2.502362287,6.022148348,1.978289031,0.484704415,0.0,0.53373384,1.493565936,26.601984661,0.53373384,0.96942751,71.469494348,0.0,0.0,0.53373384,2.512022871,10.205628751999999,0.0,0.96942751,2.134945535,0.0,1.018438255,0.0,2.521617493,7.364566750000001,7.040586603,0.484704415,0.53373384,11.213540679,0.53373384,9.293695403000001,8.167649594,1.018438255,1.008861521,4.984564224,0.53373384,8.534169503,0.484704415,7.031009869,12.528380335,0.0,1.601177567,0.96942751,0.0,142.19506321199998,0.53373384,9.96908082,0.0,1.008861521,3.0062735189999996,0.96942751,22.646425843,0.0,0.484704415,0.484704415,0.96942751,14.625580031,11.056804747000001,5.576910391,0.0,2.134945535,0.53373384,18.223583045,7.089622078,0.0,1.5521781449999998,4.024753778,4.607481206999999,0.0,1.493565936,8.005959716,20.366481425,0.002387402,0.085287901,0.065484755,0.078161275,0.002447184,0.023056926,0.0,0.085128075,0.014445687,0.0,0.097541625,0.0,0.641572243,0.0,0.0,0.016809277,0.694892283,0.010231803,0.028073201000000002,0.018258397,2.0,2.0,"[[0, 4], [1, 3]]"
61x61,0.0,0.0,12.516490473000001,4.035353906,1.168652664,30.541806257,0.0,8.129421867,0.53373384,1.168652664,1.601177567,8.03980622,1.601177567,1.008861521,0.53373384,0.53373384,24.906382799,0.0,0.0,4.674662016,6.014879452,1.008861521,0.0,0.0,2.0763352509999997,8.57354006,1.008861521,7.71289775,2.017657872,0.0,0.53373384,0.53373384,18.098683386,8.481135662,0.0,0.0,1.06747373,11.491623182,6.852073608,0.0,1.702386504,0.0,17.898667873999997,1.008861521,0.53373384,5.208395856,11.226154917999999,20.608844270000002,2.668681418,26.402162150000002,0.0,0.0,1.008861521,15.261484228999999,1.542595361,0.53373384,2.017657872,18.339699971,0.0,7.623325915,2.551391712,13.299511709,2.668681418,1.542595361,2.017657872,6.022148348,1.008861521,0.0,0.0,0.53373384,2.1775141849999997,30.307219167,0.53373384,0.0,41.045368268,0.0,0.0,1.702386504,2.7112480249999997,10.205628751999999,0.0,0.0,2.134945535,0.0,0.53373384,0.0,1.06747373,8.048514999,6.555882188,1.168652664,0.53373384,11.213540679,0.53373384,9.692232127,7.397502468999999,0.53373384,1.008861521,2.0763352509999997,0.53373384,3.202328513,0.0,7.031009869,13.212328584,26.88046418,1.601177567,0.0,0.0,187.35429323199997,1.702386504,11.164586054,0.0,1.008861521,9.248051206,2.337336513,22.161721428,0.0,0.0,0.0,3.50598768,25.741850088,7.179161867,2.668681418,0.0,2.134945535,0.53373384,17.738878630000002,7.089622078,0.0,1.06747373,1.601177567,2.668681418,0.0,1.008861521,8.005959716,10.67347076,0.018340362,0.04364466,0.082572852,0.102302896,0.002447184,0.001917426,0.0,0.0,0.014445687,0.0,0.097541625,0.0,0.35975292,0.0,0.0,0.031794221,0.7589555760000001,0.010974409,0.029133528000000002,0.018258397,2.0,2.0,"[[0, 4], [1, 4]]"
62x62,0.0,3.8593415110000002,36.751298193,7.894695417,0.484704415,42.056048436,1.444950101,9.583565629999999,1.018438255,0.0,4.015555178,2.502362287,4.994165396,1.978289031,1.9786839410000001,7.758621977,20.241602362000002,1.929654516,0.0,0.484704415,3.677542939,2.4630052840000003,0.0,0.484704415,3.5212853519999996,2.551391712,2.453811622,9.157847851,5.886184183999999,0.0,0.53373384,1.50316135,23.783738340000003,22.518915863,0.0,0.0,2.521617493,10.807674933,1.008861521,0.0,1.018438255,0.0,4.686339289999999,1.008861521,0.53373384,0.53373384,4.035353906,18.271507757000002,4.607481206999999,27.847112251000002,0.0,0.0,1.008861521,12.405628874999998,3.472249877,0.53373384,2.502362287,21.59223416,0.0,10.271033416,2.551391712,14.527487123,2.668681418,4.917213777000001,2.502362287,0.0,1.978289031,1.929654516,0.0,0.53373384,1.493565936,2.512022871,0.53373384,2.414377611,72.914444449,0.0,0.0,0.53373384,6.846968529,10.205628751999999,0.0,0.96942751,5.024859536,0.0,1.018438255,0.0,2.521617493,8.809516851,1.018438255,0.484704415,0.53373384,16.993389345,0.53373384,10.738645504,8.167649594,2.4633883560000003,1.008861521,6.4295143249999995,0.53373384,8.534169503,0.484704415,1.008861521,10.599462124999999,0.0,1.601177567,0.96942751,0.0,104.847479482,0.53373384,25.86570716,0.0,1.008861521,11.676129367999998,0.96942751,19.514191496000002,0.0,0.484704415,1.929654516,0.96942751,11.493345684000001,11.056804747000001,7.021860492,0.0,2.134945535,0.53373384,10.514852782999998,1.06747373,0.0,2.997128246,5.469703879,6.052431308,1.444950101,1.493565936,8.005959716,20.366481425,0.0,0.085287901,0.058015412,0.07481401800000001,0.0,0.023056926,0.0,0.085128075,0.014445687,0.0,0.097541625,0.0,0.9290804320000001,0.0,0.0,0.120069601,0.5697964680000001,0.315505319,0.0276821,0.018258397,2.0,2.0,"[[0, 4], [2, 3]]"
63x63,0.0,2.889914001,12.516490473000001,6.925267907,1.168652664,24.519657909000003,1.444950101,8.129421867,0.53373384,1.168652664,3.046127668,2.017657872,1.601177567,1.008861521,1.9786839410000001,7.758621977,22.977464589,1.444950101,0.0,4.674662016,6.014879452,1.008861521,0.0,0.0,3.5212853519999996,2.551391712,2.453811622,9.157847851,3.462607973,0.0,0.53373384,0.53373384,20.988597387000002,11.371049663,0.0,0.0,1.06747373,11.491623182,6.852073608,0.0,1.702386504,0.0,5.854991953999999,1.008861521,0.53373384,5.208395856,5.20400657,20.608844270000002,2.668681418,27.847112251000002,0.0,0.0,1.008861521,13.574281538999998,2.987545462,0.53373384,2.017657872,22.674645629,0.0,10.271033416,2.551391712,13.299511709,2.668681418,4.432509362,2.017657872,0.0,1.008861521,1.444950101,0.0,0.53373384,2.1775141849999997,6.217257377,0.53373384,1.444950101,42.490318369,0.0,0.0,1.702386504,7.046193682999999,10.205628751999999,0.0,0.0,5.024859536,0.0,0.53373384,0.0,1.06747373,9.4934651,0.53373384,1.168652664,0.53373384,16.993389345,0.53373384,11.137182228,7.397502468999999,1.9786839410000001,1.008861521,3.5212853519999996,0.53373384,3.202328513,0.0,1.008861521,11.283410373999999,26.88046418,1.601177567,0.0,0.0,150.00670950199998,1.702386504,27.061212394,0.0,1.008861521,17.917907055,2.337336513,19.029487081000003,0.0,0.0,1.444950101,3.50598768,22.609615741,7.179161867,4.113631519,0.0,2.134945535,0.53373384,10.030148367999999,1.06747373,0.0,2.512423831,3.046127668,4.113631519,1.444950101,1.008861521,8.005959716,10.67347076,0.01595296,0.04364466,0.07510350900000001,0.09895563900000001,0.0,0.001917426,0.0,0.0,0.014445687,0.0,0.097541625,0.0,0.647261109,0.0,0.0,0.135054545,0.6338597610000001,0.316247925,0.028742427,0.018258397,2.0,2.0,"[[0, 4], [2, 4]]"
64x64,0.0,0.96942751,36.751298193,5.004781416,1.6533570789999998,44.393384948999994,0.0,9.583565629999999,1.018438255,1.168652664,2.5706050769999997,2.502362287,4.994165396,1.978289031,0.53373384,0.53373384,14.801506667999998,0.484704415,0.0,5.1593664310000005,6.014879452,2.4630052840000003,0.0,0.484704415,2.0763352509999997,2.551391712,1.008861521,7.71289775,4.441234082999999,0.0,0.53373384,1.50316135,24.399812019000002,19.629001862,0.0,0.0,2.521617493,11.976327597,6.852073608,0.0,2.187090919,0.0,5.854991953999999,1.008861521,0.53373384,5.208395856,5.20400657,20.608844270000002,4.607481206999999,26.402162150000002,0.0,0.0,1.008861521,9.239335880999999,2.027299776,0.53373384,2.502362287,20.763276182000002,0.0,1.601177567,2.551391712,21.53946977,2.668681418,2.027299776,2.502362287,0.0,1.978289031,0.484704415,0.0,0.53373384,2.6622186,7.186684887,0.53373384,0.96942751,74.975482028,0.0,0.0,1.702386504,3.6806755349999998,10.205628751999999,0.0,0.96942751,2.134945535,0.0,1.018438255,0.0,2.521617493,8.533219414000001,1.018438255,1.6533570789999998,0.53373384,11.213540679,0.53373384,11.631031916000001,9.336302258,1.018438255,1.008861521,4.984564224,0.53373384,8.534169503,0.484704415,1.008861521,1.6533570789999998,26.88046418,1.601177567,0.96942751,0.0,122.78908817199999,1.702386504,16.981063467,0.0,1.008861521,11.186850995,3.306764023,16.624277495,0.0,0.484704415,0.484704415,4.47541519,22.627930712999998,11.056804747000001,5.576910391,0.0,2.134945535,0.53373384,6.179907125000001,1.06747373,0.0,1.5521781449999998,4.024753778,4.607481206999999,0.0,1.493565936,8.005959716,20.366481425,0.01595296,0.085287901,0.07898618800000001,0.12693131000000002,0.0,0.024974352,0.0,0.085128075,0.014445687,0.0,0.097541625,0.0,1.001325163,0.0,0.0,0.031794221,0.6142059630000001,0.005406975,0.028742427,0.018258397,2.0,2.0,"[[0, 4], [3, 4]]"
65x65,0.891907941,0.0,16.943432079,24.045907037,0.630872464,27.163040191,0.0,8.500698565,1.261778128,0.0,15.106117048,6.914056289,0.630872464,0.0,0.0,4.3060558900000006,21.806224502,1.522780405,0.630872464,1.781249819,4.935665989,2.414685088,0.630872464,0.0,3.15441617,20.792649425999997,0.630872464,11.541203146,2.67315776,0.630872464,0.0,0.0,27.773093224,9.549920648999999,0.0,0.0,0.630872464,2.153686069,0.0,0.630872464,0.890601508,1.522780405,16.867923818999998,0.891907941,0.0,0.0,8.805427239,5.827573930000001,8.38925224,39.74740914,0.0,0.890601508,0.891907941,20.792649425999997,1.522780405,0.891907941,9.46405467,45.429897536999995,0.891907941,7.544928753,12.951339067,8.243531015,6.347055095000001,14.658543946999998,6.457117455000001,8.693956655000001,0.891907941,0.630872464,0.630872464,0.0,0.0,30.438260104,0.630872464,1.521473972,22.663566326999998,0.0,0.0,5.047139676,0.630872464,21.619299715,0.890601508,0.630872464,10.243733554999999,3.933586435,0.0,0.0,0.630872464,4.826840571,6.022148348,6.865230523,2.523546441,23.234686415,0.0,21.305117498,5.1979605730000005,1.261778128,7.869828836000001,4.1984928230000005,4.30479626,3.306656608,1.261778128,8.545694789,13.565149892,0.0,2.412122283,0.890601508,0.0,148.75184453,3.15441617,22.092089112000004,2.784585324,1.892677383,10.700298003999999,0.0,21.390581638999997,0.0,0.891907941,0.0,0.0,18.726505681,10.026148594999999,8.656894369,1.521473972,0.890601508,0.890601508,33.978461294,6.022148348,0.0,0.891907941,1.781249819,6.977924153000001,0.0,0.0,0.891907941,13.377124588,0.028736252,0.019119389,0.056013177,0.108993173,0.002447184,0.0,0.0,0.0,0.0,0.0,0.200451796,0.0,0.092868703,0.0,0.121200327,0.000762815,0.9076451280000001,0.005567434,0.000391101,0.026605331,2.0,2.0,"[[1, 2], [0, 1]]"
66x66,0.891907941,2.889914001,16.943432079,26.935821038,0.630872464,21.140891843,1.444950101,8.500698565,1.261778128,0.0,16.551067149,0.891907941,0.630872464,0.0,1.444950101,11.530944027,19.877306292,2.967730506,0.630872464,1.781249819,4.935665989,2.414685088,0.630872464,0.0,4.599366271,14.770501077999999,2.075822565,12.986153247,4.118107861,0.630872464,0.0,0.0,30.663007225,12.439834649999998,0.0,0.0,0.630872464,2.153686069,0.0,0.630872464,0.890601508,1.522780405,4.8242478989999995,0.891907941,0.0,0.0,2.783278891,5.827573930000001,8.38925224,41.192359241000005,0.0,0.890601508,0.891907941,19.105446735999998,2.967730506,0.891907941,9.46405467,49.764843195,0.891907941,10.192636254,12.951339067,8.243531015,6.347055095000001,17.548457948,6.457117455000001,2.671808307,0.891907941,2.075822565,0.630872464,0.0,0.0,6.348298314,0.630872464,2.9664240729999998,24.108516427999998,0.0,0.0,5.047139676,4.965818122,21.619299715,0.890601508,0.630872464,13.133647556,3.933586435,0.0,0.0,0.630872464,6.271790672,0.0,6.865230523,2.523546441,29.014535081,0.0,22.750067599,5.1979605730000005,2.7067282290000003,7.869828836000001,5.643442924,4.30479626,3.306656608,1.261778128,2.523546441,11.636231681999998,0.0,2.412122283,0.890601508,0.0,111.4042608,3.15441617,37.988715452,2.784585324,1.892677383,19.370153852999998,0.0,18.258347292,0.0,0.891907941,1.444950101,0.0,15.594271333999998,10.026148594999999,10.10184447,1.521473972,0.890601508,0.890601508,26.269731032,0.0,0.0,2.3368580420000002,3.22619992,8.422874254000002,1.444950101,0.0,0.891907941,13.377124588,0.02634885,0.019119389,0.048543834,0.10564591599999999,0.0,0.0,0.0,0.0,0.0,0.0,0.200451796,0.0,0.380376892,0.0,0.121200327,0.104023139,0.7825493130000001,0.31084095,0.0,0.026605331,2.0,2.0,"[[1, 2], [0, 2]]"
67x67,0.891907941,0.96942751,41.178239798999996,25.015334547,1.115576879,41.014618883,0.0,9.954842328,1.746482543,0.0,16.075544558,1.376612356,4.023860293,0.96942751,0.0,4.3060558900000006,11.701348370999998,2.00748482,0.630872464,2.265954234,4.935665989,3.868828851,0.630872464,0.484704415,3.15441617,14.770501077999999,0.630872464,11.541203146,5.096733971,0.630872464,0.0,0.96942751,34.074221857,20.697786848999996,0.0,0.0,2.085016227,2.638390484,0.0,0.630872464,1.375305923,1.522780405,4.8242478989999995,0.891907941,0.0,0.0,2.783278891,5.827573930000001,10.328052028999998,39.74740914,0.0,0.890601508,0.891907941,14.770501077999999,2.00748482,0.891907941,9.948759084999999,47.85347374799999,0.891907941,1.522780405,12.951339067,16.483489075999998,6.347055095000001,15.143248361999998,6.941821870000001,2.671808307,1.861335451,1.115576879,0.630872464,0.0,0.484704415,7.317725824,0.630872464,2.490901482,56.593680086999996,0.0,0.0,5.047139676,1.600299974,21.619299715,0.890601508,1.600299974,10.243733554999999,3.933586435,0.484704415,0.0,2.085016227,5.311544986,0.484704415,7.3499349380000005,2.523546441,23.234686415,0.0,23.243917287000002,7.136760362,1.746482543,7.869828836000001,7.106721796,4.30479626,8.638497598,1.746482543,2.523546441,2.006178387,0.0,2.412122283,1.860029018,0.0,84.18663946999999,3.15441617,27.908566525000005,2.784585324,1.892677383,12.639097792999998,0.96942751,15.853137705999998,0.0,1.376612356,0.484704415,0.96942751,15.612586305999999,13.903791474999998,11.565123342,1.521473972,0.890601508,0.890601508,22.419489789,0.0,0.0,1.376612356,4.2048260299999995,8.916723942,0.0,0.484704415,0.891907941,23.070135252999997,0.02634885,0.06076263,0.052426513,0.133621587,0.0,0.023056926,0.0,0.085128075,0.0,0.0,0.200451796,0.0,0.7344409460000001,0.0,0.121200327,0.000762815,0.7628955150000001,0.0,0.0,0.026605331,2.0,2.0,"[[1, 2], [0, 3]]"
68x68,0.891907941,0.0,16.943432079,24.045907037,1.799525128,23.478228356,0.0,8.500698565,1.261778128,1.168652664,15.106117048,0.891907941,0.630872464,0.0,0.0,4.3060558900000006,14.437210598,1.522780405,0.630872464,6.455911835,7.273002502000001,2.414685088,0.630872464,0.0,3.15441617,14.770501077999999,0.630872464,11.541203146,2.67315776,0.630872464,0.0,0.0,31.279080904,9.549920648999999,0.0,0.0,0.630872464,3.3223387329999996,5.843212087,0.630872464,2.059254172,1.522780405,5.992900562999999,0.891907941,0.0,4.674662016,3.951931555,8.164910443,8.38925224,39.74740914,0.0,0.890601508,0.891907941,15.939153741999998,1.522780405,0.891907941,9.46405467,48.93588521699999,0.891907941,1.522780405,12.951339067,15.255513662,6.347055095000001,14.658543946999998,6.457117455000001,2.671808307,0.891907941,0.630872464,0.630872464,0.0,1.168652664,11.02296033,0.630872464,1.521473972,26.169554007,0.0,0.0,6.215792339999999,1.799525128,21.619299715,0.890601508,0.630872464,10.243733554999999,3.933586435,0.0,0.0,0.630872464,5.995493235,0.0,8.033883187,2.523546441,23.234686415,0.0,23.642454011,6.366613237,1.261778128,7.869828836000001,4.1984928230000005,4.30479626,3.306656608,1.261778128,2.523546441,2.6901266359999996,26.88046418,2.412122283,0.890601508,0.0,129.34586948999998,4.323068834,29.104071759000004,2.784585324,1.892677383,18.88087548,2.337336513,15.368433290999999,0.0,0.891907941,0.0,3.50598768,26.728856363,10.026148594999999,8.656894369,1.521473972,0.890601508,0.890601508,21.934785374,0.0,0.0,0.891907941,1.781249819,6.977924153000001,0.0,0.0,0.891907941,13.377124588,0.042301809999999995,0.019119389,0.06951461,0.157763208,0.0,0.001917426,0.0,0.0,0.0,0.0,0.200451796,0.0,0.452621623,0.0,0.121200327,0.015747759,0.8269588080000001,0.000742606,0.001060327,0.026605331,2.0,2.0,"[[1, 2], [0, 4]]"
69x69,0.0,2.889914001,1.781249819,26.935821038,0.630872464,8.434270631,1.444950101,6.716885941,1.261778128,0.0,14.767254525,6.022148348,0.630872464,0.0,1.444950101,10.639036086,30.137169588,2.075822565,0.630872464,1.781249819,4.935665989,0.630872464,0.630872464,0.0,4.599366271,20.792649425999997,2.075822565,12.986153247,3.22619992,0.630872464,0.0,0.0,20.851157519,3.520786465,0.0,0.0,0.630872464,1.261778128,0.0,0.630872464,0.890601508,0.630872464,16.867923818999998,0.0,0.0,0.0,8.805427239,4.935665989,6.605439616,41.192359241000005,0.0,0.890601508,0.0,25.127595083999996,2.075822565,0.0,9.46405467,42.629422798,0.0,15.322876660999999,12.951339067,4.675910656,5.4551471540000005,17.548457948,6.457117455000001,8.693956655000001,0.0,2.075822565,0.630872464,0.0,0.0,28.65444748,0.630872464,2.9664240729999998,4.4879780479999996,0.0,0.0,5.047139676,4.965818122,6.457117455000001,0.890601508,0.630872464,12.241739615,3.933586435,0.0,0.0,0.630872464,4.4879780479999996,6.022148348,6.865230523,2.523546441,25.446914722,0.0,20.074283455,3.414147949,2.7067282290000003,6.0860162120000005,2.075822565,4.30479626,0.630872464,1.261778128,8.545694789,23.679907602,0.0,2.412122283,0.890601508,0.0,167.39502667,3.15441617,29.961371290000002,1.892677383,1.892677383,10.451105667999999,0.0,20.712875281000002,0.0,0.0,1.444950101,0.0,12.697371496999999,5.566558967,2.9664240729999998,1.521473972,0.890601508,0.890601508,36.529594328,6.022148348,0.0,1.444950101,3.22619992,7.530966313,1.444950101,0.0,0.0,0.890601508,0.002387402,0.013540146,0.043358985,0.081741555,0.002447184,0.0,0.0,0.0,0.0,0.0,0.18621374499999999,0.0,0.350967799,0.0,0.121200327,0.103260324,0.721303058,0.316408384,0.000391101,0.026605331,2.0,2.0,"[[1, 2], [1, 2]]"
70x70,0.0,0.96942751,26.016057539,25.015334547,1.115576879,28.307997671,0.0,8.171029704,1.746482543,0.0,14.291731934000001,6.506852763,4.023860293,0.96942751,0.0,3.414147949,21.961211667,1.115576879,0.630872464,2.265954234,4.935665989,2.085016227,0.630872464,0.484704415,3.15441617,20.792649425999997,0.630872464,11.541203146,4.2048260299999995,0.630872464,0.0,0.96942751,24.262372151,11.778738663999999,0.0,0.0,2.085016227,1.746482543,0.0,0.630872464,1.375305923,0.630872464,16.867923818999998,0.0,0.0,0.0,8.805427239,4.935665989,8.544239404999999,39.74740914,0.0,0.890601508,0.0,20.792649425999997,1.115576879,0.0,9.948759084999999,40.718053350999995,0.0,6.653020812,12.951339067,12.915868716999999,5.4551471540000005,15.143248361999998,6.941821870000001,8.693956655000001,0.96942751,1.115576879,0.630872464,0.0,0.484704415,29.62387499,0.630872464,2.490901482,36.973141706999996,0.0,0.0,5.047139676,1.600299974,6.457117455000001,0.890601508,1.600299974,9.351825614,3.933586435,0.484704415,0.0,2.085016227,3.5277323619999996,6.506852763,7.3499349380000005,2.523546441,19.667066056,0.0,20.568133143,5.352947738,1.746482543,6.0860162120000005,3.539101437,4.30479626,5.962713454,1.746482543,8.545694789,14.049854307,0.0,2.412122283,1.860029018,0.0,140.17740534,3.15441617,19.881222363000003,1.892677383,1.892677383,3.720049608,0.96942751,18.307665695,0.0,0.484704415,0.484704415,0.96942751,12.715686469,9.444201846999999,4.429702945,1.521473972,0.890601508,0.890601508,32.679353085,6.022148348,0.0,0.484704415,4.2048260299999995,8.024816001000001,0.0,0.484704415,0.0,10.583612172999999,0.002387402,0.055183387,0.047241664,0.109717226,0.002447184,0.023056926,0.0,0.085128075,0.0,0.0,0.18621374499999999,0.0,0.705031853,0.0,0.121200327,0.0,0.70164926,0.005567434,0.000391101,0.026605331,2.0,2.0,"[[1, 2], [1, 3]]"
71x71,0.0,0.0,1.781249819,24.045907037,1.799525128,10.771607144,0.0,6.716885941,1.261778128,1.168652664,13.322304424,6.022148348,0.630872464,0.0,0.0,3.414147949,24.697073894,0.630872464,0.630872464,6.455911835,7.273002502000001,0.630872464,0.630872464,0.0,3.15441617,20.792649425999997,0.630872464,11.541203146,1.781249819,0.630872464,0.0,0.0,21.467231198,0.630872464,0.0,0.0,0.630872464,2.430430792,5.843212087,0.630872464,2.059254172,0.630872464,18.036576482999997,0.0,0.0,4.674662016,9.974079903,7.273002502000001,6.605439616,39.74740914,0.0,0.890601508,0.0,21.961302089999997,0.630872464,0.0,9.46405467,41.800464819999995,0.0,6.653020812,12.951339067,11.687893303,5.4551471540000005,14.658543946999998,6.457117455000001,8.693956655000001,0.0,0.630872464,0.630872464,0.0,1.168652664,33.329109496,0.630872464,1.521473972,6.549015626999999,0.0,0.0,6.215792339999999,1.799525128,6.457117455000001,0.890601508,0.630872464,9.351825614,3.933586435,0.0,0.0,0.630872464,4.211680610999999,6.022148348,8.033883187,2.523546441,19.667066056,0.0,20.966669867,4.582800613,1.261778128,6.0860162120000005,0.630872464,4.30479626,0.630872464,1.261778128,8.545694789,14.733802556,26.88046418,2.412122283,0.890601508,0.0,185.33663536,4.323068834,21.076727597,1.892677383,1.892677383,9.961827294999999,2.337336513,17.82296128,0.0,0.0,0.0,3.50598768,23.831956526,5.566558967,1.521473972,1.521473972,0.890601508,0.890601508,32.19464867,6.022148348,0.0,0.0,1.781249819,6.0860162120000005,0.0,0.0,0.0,0.890601508,0.018340362,0.013540146,0.064329761,0.133858847,0.002447184,0.001917426,0.0,0.0,0.0,0.0,0.18621374499999999,0.0,0.42321253,0.0,0.121200327,0.014984944,0.7657125530000001,0.006310039999999999,0.001451428,0.026605331,2.0,2.0,"[[1, 2], [1, 4]]"
72x72,0.0,3.8593415110000002,26.016057539,27.905248548,1.115576879,22.285849322999997,1.444950101,8.171029704,1.746482543,0.0,15.736682035000001,0.484704415,4.023860293,0.96942751,1.444950101,10.639036086,20.032293457,2.56052698,0.630872464,2.265954234,4.935665989,2.085016227,0.630872464,0.484704415,4.599366271,14.770501077999999,2.075822565,12.986153247,5.649776130999999,0.630872464,0.0,0.96942751,27.152286152000002,14.668652665,0.0,0.0,2.085016227,1.746482543,0.0,0.630872464,1.375305923,0.630872464,4.8242478989999995,0.0,0.0,0.0,2.783278891,4.935665989,8.544239404999999,41.192359241000005,0.0,0.890601508,0.0,19.105446735999998,2.56052698,0.0,9.948759084999999,45.052999009,0.0,9.300728312999999,12.951339067,12.915868716999999,5.4551471540000005,18.033162363,6.941821870000001,2.671808307,0.96942751,2.56052698,0.630872464,0.0,0.484704415,5.5339132,0.630872464,3.935851583,38.418091808,0.0,0.0,5.047139676,5.935245632,6.457117455000001,0.890601508,1.600299974,12.241739615,3.933586435,0.484704415,0.0,2.085016227,4.972682463,0.484704415,7.3499349380000005,2.523546441,25.446914722,0.0,22.013083244,5.352947738,3.1914326440000003,6.0860162120000005,4.984051538,4.30479626,5.962713454,1.746482543,2.523546441,12.120936096999998,0.0,2.412122283,1.860029018,0.0,102.82982161,3.15441617,35.777848703000004,1.892677383,1.892677383,12.389905456999998,0.96942751,15.175431348,0.0,0.484704415,1.929654516,0.96942751,9.583452122,9.444201846999999,5.874653046,1.521473972,0.890601508,0.890601508,24.970622823,0.0,0.0,1.929654516,5.649776130999999,9.469766102000001,1.444950101,0.484704415,0.0,10.583612172999999,0.0,0.055183387,0.039772321,0.106369969,0.0,0.023056926,0.0,0.085128075,0.0,0.0,0.18621374499999999,0.0,0.9925400420000001,0.0,0.121200327,0.103260324,0.576553445,0.31084095,0.0,0.026605331,2.0,2.0,"[[1, 2], [2, 3]]"
73x73,0.0,2.889914001,1.781249819,26.935821038,1.799525128,4.749458796,1.444950101,6.716885941,1.261778128,1.168652664,14.767254525,0.0,0.630872464,0.0,1.444950101,10.639036086,22.768155684,2.075822565,0.630872464,6.455911835,7.273002502000001,0.630872464,0.630872464,0.0,4.599366271,14.770501077999999,2.075822565,12.986153247,3.22619992,0.630872464,0.0,0.0,24.357145199,3.520786465,0.0,0.0,0.630872464,2.430430792,5.843212087,0.630872464,2.059254172,0.630872464,5.992900562999999,0.0,0.0,4.674662016,3.951931555,7.273002502000001,6.605439616,41.192359241000005,0.0,0.890601508,0.0,20.274099399999997,2.075822565,0.0,9.46405467,46.135410478,0.0,9.300728312999999,12.951339067,11.687893303,5.4551471540000005,17.548457948,6.457117455000001,2.671808307,0.0,2.075822565,0.630872464,0.0,1.168652664,9.239147706,0.630872464,2.9664240729999998,7.993965727999999,0.0,0.0,6.215792339999999,6.134470786,6.457117455000001,0.890601508,0.630872464,12.241739615,3.933586435,0.0,0.0,0.630872464,5.656630711999999,0.0,8.033883187,2.523546441,25.446914722,0.0,22.411619968,4.582800613,2.7067282290000003,6.0860162120000005,2.075822565,4.30479626,0.630872464,1.261778128,2.523546441,12.804884345999998,26.88046418,2.412122283,0.890601508,0.0,147.98905163,4.323068834,36.973353937,1.892677383,1.892677383,18.631683144,2.337336513,14.690726933,0.0,0.0,1.444950101,3.50598768,20.699722179,5.566558967,2.9664240729999998,1.521473972,0.890601508,0.890601508,24.485918408,0.0,0.0,1.444950101,3.22619992,7.530966313,1.444950101,0.0,0.0,0.890601508,0.01595296,0.013540146,0.056860418,0.13051159,0.0,0.001917426,0.0,0.0,0.0,0.0,0.18621374499999999,0.0,0.710720719,0.0,0.121200327,0.118245268,0.6406167380000001,0.311583556,0.001060327,0.026605331,2.0,2.0,"[[1, 2], [2, 4]]"
74x74,0.0,0.96942751,26.016057539,25.015334547,2.284229543,24.623185835999998,0.0,8.171029704,1.746482543,1.168652664,14.291731934000001,0.484704415,4.023860293,0.96942751,0.0,3.414147949,14.592197762999998,1.115576879,0.630872464,6.94061625,7.273002502000001,2.085016227,0.630872464,0.484704415,3.15441617,14.770501077999999,0.630872464,11.541203146,4.2048260299999995,0.630872464,0.0,0.96942751,27.768359831,11.778738663999999,0.0,0.0,2.085016227,2.9151352069999996,5.843212087,0.630872464,2.5439585869999997,0.630872464,5.992900562999999,0.0,0.0,4.674662016,3.951931555,7.273002502000001,8.544239404999999,39.74740914,0.0,0.890601508,0.0,15.939153741999998,1.115576879,0.0,9.948759084999999,44.22404103099999,0.0,0.630872464,12.951339067,19.927851364,5.4551471540000005,15.143248361999998,6.941821870000001,2.671808307,0.96942751,1.115576879,0.630872464,0.0,1.6533570789999998,10.208575216,0.630872464,2.490901482,40.47912938699999,0.0,0.0,6.215792339999999,2.768952638,6.457117455000001,0.890601508,1.600299974,9.351825614,3.933586435,0.484704415,0.0,2.085016227,4.696385026,0.484704415,8.518587602,2.523546441,19.667066056,0.0,22.905469656,6.521600402,1.746482543,6.0860162120000005,3.539101437,4.30479626,5.962713454,1.746482543,2.523546441,3.174831051,26.88046418,2.412122283,1.860029018,0.0,120.77143029999999,4.323068834,26.893205010000003,1.892677383,1.892677383,11.900627084,3.306764023,12.285517346999999,0.0,0.484704415,0.484704415,4.47541519,20.718037150999997,9.444201846999999,4.429702945,1.521473972,0.890601508,0.890601508,20.635677165,0.0,0.0,0.484704415,4.2048260299999995,8.024816001000001,0.0,0.484704415,0.0,10.583612172999999,0.01595296,0.055183387,0.060743097,0.158487261,0.0,0.024974352,0.0,0.085128075,0.0,0.0,0.18621374499999999,0.0,1.064784773,0.0,0.121200327,0.014984944,0.6209629400000001,0.000742606,0.001060327,0.026605331,2.0,2.0,"[[1, 2], [3, 4]]"
75x75,0.891907941,0.0,15.16218226,15.1398688,0.630872464,25.381790371999998,0.0,4.9382287940000005,1.261778128,0.0,10.174012602,8.901020369,0.630872464,0.0,0.0,3.415454382,18.243754731,1.522780405,0.630872464,0.0,3.15441617,2.414685088,0.630872464,0.0,3.15441617,19.902047918,0.630872464,12.364143073000001,2.878872021,0.630872464,0.0,0.0,28.39040555,9.549920648999999,0.0,0.0,0.630872464,6.12761986,1.98696408,0.630872464,0.0,1.522780405,13.305454048,0.891907941,0.0,0.0,7.9148257310000005,4.046324111000001,9.006564566,39.74740914,0.0,0.0,0.891907941,21.889011998,1.522780405,0.891907941,9.46405467,22.275289197,0.891907941,7.544928753,3.15441617,9.339893586999999,6.758519115,15.960669431,3.785309148,6.022148348,0.891907941,0.630872464,0.630872464,0.0,0.0,27.766451797000002,0.630872464,0.630872464,20.882316508,0.0,0.0,7.0341037559999995,12.551987704,18.947491408,0.0,0.630872464,10.449447816,1.261778128,0.0,0.0,0.630872464,3.045590752,6.022148348,0.630872464,2.523546441,11.863450444999998,0.0,19.456071487000003,4.307359065,1.261778128,8.281292856,4.1984928230000005,2.523546441,3.306656608,1.261778128,8.545694789,12.674548384,0.0,0.630872464,0.0,0.0,160.67295976999998,3.15441617,14.967152153,2.784585324,1.892677383,8.919048185,0.0,21.322954741000004,0.0,0.891907941,0.0,0.0,20.713469761,8.244898776,7.766292861,0.630872464,0.0,0.0,25.278507294,6.022148348,0.0,0.891907941,0.0,7.389388173,0.0,0.0,0.891907941,12.48652308,0.06513767399999999,0.006306779,0.078662176,0.086545544,0.002447184,0.0,0.0,0.0,0.0,0.0,0.10891767100000001,0.0,0.092868703,0.0,0.0727907,0.000762815,0.9279793480000001,0.020155384,0.017036033000000003,0.018325221,2.0,2.0,"[[1, 3], [0, 1]]"
76x76,0.891907941,2.889914001,15.16218226,18.029782801,0.630872464,19.359642024,1.444950101,4.9382287940000005,1.261778128,0.0,11.618962703,2.878872021,0.630872464,0.0,1.444950101,10.640342519,16.314836521,2.967730506,0.630872464,0.0,3.15441617,2.414685088,0.630872464,0.0,4.599366271,13.87989957,2.075822565,13.809093174000001,4.323822122,0.630872464,0.0,0.0,31.280319551,12.439834649999998,0.0,0.0,0.630872464,6.12761986,1.98696408,0.630872464,0.0,1.522780405,1.261778128,0.891907941,0.0,0.0,1.892677383,4.046324111000001,9.006564566,41.192359241000005,0.0,0.0,0.891907941,20.201809307999998,2.967730506,0.891907941,9.46405467,26.610234854999998,0.891907941,10.192636254,3.15441617,9.339893586999999,6.758519115,18.850583432,3.785309148,0.0,0.891907941,2.075822565,0.630872464,0.0,0.0,3.676490007,0.630872464,2.075822565,22.327266609,0.0,0.0,7.0341037559999995,16.886933362,18.947491408,0.0,0.630872464,13.339361817,1.261778128,0.0,0.0,0.630872464,4.490540853,0.0,0.630872464,2.523546441,17.643299110999997,0.0,20.901021588000003,4.307359065,2.7067282290000003,8.281292856,5.643442924,2.523546441,3.306656608,1.261778128,2.523546441,10.745630173999999,0.0,0.630872464,0.0,0.0,123.32537604,3.15441617,30.863778492999998,2.784585324,1.892677383,17.588904034,0.0,18.190720394000003,0.0,0.891907941,1.444950101,0.0,17.581235414,8.244898776,9.211242962,0.630872464,0.0,0.0,17.569777031999998,0.0,0.0,2.3368580420000002,1.444950101,8.834338274,1.444950101,0.0,0.891907941,12.48652308,0.062750272,0.006306779,0.07119283300000001,0.083198287,0.0,0.0,0.0,0.0,0.0,0.0,0.10891767100000001,0.0,0.380376892,0.0,0.0727907,0.104023139,0.8028835330000001,0.3254289,0.016644932,0.018325221,2.0,2.0,"[[1, 3], [0, 2]]"
77x77,0.891907941,0.96942751,39.39698998,16.10929631,1.115576879,39.233369064,0.0,6.392372557000001,1.746482543,0.0,11.143440112,3.363576436,4.023860293,0.96942751,0.0,3.415454382,8.1388786,2.00748482,0.630872464,0.484704415,3.15441617,3.868828851,0.630872464,0.484704415,3.15441617,13.87989957,0.630872464,12.364143073000001,5.302448232,0.630872464,0.0,0.96942751,34.691534183,20.697786848999996,0.0,0.0,2.085016227,6.612324275000001,1.98696408,0.630872464,0.484704415,1.522780405,1.261778128,0.891907941,0.0,0.0,1.892677383,4.046324111000001,10.945364354999999,39.74740914,0.0,0.0,0.891907941,15.866863649999999,2.00748482,0.891907941,9.948759084999999,24.698865408,0.891907941,1.522780405,3.15441617,17.579851647999998,6.758519115,16.445373846,4.270013563,0.0,1.861335451,1.115576879,0.630872464,0.0,0.484704415,4.645917517,0.630872464,1.600299974,54.812430268,0.0,0.0,7.0341037559999995,13.521415214000001,18.947491408,0.0,1.600299974,10.449447816,1.261778128,0.484704415,0.0,2.085016227,3.530295167,0.484704415,1.115576879,2.523546441,11.863450444999998,0.0,21.394871276000003,6.246158854,1.746482543,8.281292856,7.106721796,2.523546441,8.638497598,1.746482543,2.523546441,1.115576879,0.0,0.630872464,0.96942751,0.0,96.10775471,3.15441617,20.783629566000002,2.784585324,1.892677383,10.857847973999998,0.96942751,15.785510808000002,0.0,1.376612356,0.484704415,0.96942751,17.599550385999997,12.122541656,10.674521834,0.630872464,0.0,0.0,13.719535788999998,0.0,0.0,1.376612356,2.423576211,9.328187962000001,0.0,0.484704415,0.891907941,22.179533745,0.062750272,0.047950019999999996,0.07507551200000001,0.111173958,0.0,0.023056926,0.0,0.085128075,0.0,0.0,0.10891767100000001,0.0,0.7344409460000001,0.0,0.0727907,0.000762815,0.7832297350000001,0.01458795,0.016644932,0.018325221,2.0,2.0,"[[1, 3], [0, 3]]"
78x78,0.891907941,0.0,15.16218226,15.1398688,1.799525128,21.696978537,0.0,4.9382287940000005,1.261778128,1.168652664,10.174012602,2.878872021,0.630872464,0.0,0.0,3.415454382,10.874740827,1.522780405,0.630872464,4.674662016,5.491752683,2.414685088,0.630872464,0.0,3.15441617,13.87989957,0.630872464,12.364143073000001,2.878872021,0.630872464,0.0,0.0,31.89639323,9.549920648999999,0.0,0.0,0.630872464,7.296272524,7.830176167,0.630872464,1.168652664,1.522780405,2.430430792,0.891907941,0.0,4.674662016,3.061330047,6.383660624000001,9.006564566,39.74740914,0.0,0.0,0.891907941,17.035516314,1.522780405,0.891907941,9.46405467,25.781276877,0.891907941,1.522780405,3.15441617,16.351876234,6.758519115,15.960669431,3.785309148,0.0,0.891907941,0.630872464,0.630872464,0.0,1.168652664,8.351152023000001,0.630872464,0.630872464,24.388304188,0.0,0.0,8.20275642,13.720640368,18.947491408,0.0,0.630872464,10.449447816,1.261778128,0.0,0.0,0.630872464,4.2142434159999995,0.0,1.799525128,2.523546441,11.863450444999998,0.0,21.793408000000003,5.476011729,1.261778128,8.281292856,4.1984928230000005,2.523546441,3.306656608,1.261778128,2.523546441,1.799525128,26.88046418,0.630872464,0.0,0.0,141.26698473,4.323068834,21.9791348,2.784585324,1.892677383,17.099625660999997,2.337336513,15.300806393000002,0.0,0.891907941,0.0,3.50598768,28.715820443,8.244898776,7.766292861,0.630872464,0.0,0.0,13.234831373999999,0.0,0.0,0.891907941,0.0,7.389388173,0.0,0.0,0.891907941,12.48652308,0.078703232,0.006306779,0.09216360900000001,0.13531557900000002,0.0,0.001917426,0.0,0.0,0.0,0.0,0.10891767100000001,0.0,0.452621623,0.0,0.0727907,0.015747759,0.8472930280000002,0.015330556,0.017705259,0.018325221,2.0,2.0,"[[1, 3], [0, 4]]"
79x79,0.0,2.889914001,0.0,18.029782801,0.630872464,6.653020812,1.444950101,3.15441617,1.261778128,0.0,9.835150079,8.009112428,0.630872464,0.0,1.444950101,9.748434578,26.574699817,2.075822565,0.630872464,0.0,3.15441617,0.630872464,0.630872464,0.0,4.599366271,19.902047918,2.075822565,13.809093174000001,3.431914181,0.630872464,0.0,0.0,21.468469845,3.520786465,0.0,0.0,0.630872464,5.235711919,1.98696408,0.630872464,0.0,0.630872464,13.305454048,0.0,0.0,0.0,7.9148257310000005,3.15441617,7.222751942,41.192359241000005,0.0,0.0,0.0,26.223957656,2.075822565,0.0,9.46405467,19.474814458,0.0,15.322876660999999,3.15441617,5.7722732279999995,5.866611174,18.850583432,3.785309148,6.022148348,0.0,2.075822565,0.630872464,0.0,0.0,25.982639173,0.630872464,2.075822565,2.7067282290000003,0.0,0.0,7.0341037559999995,16.886933362,3.785309148,0.0,0.630872464,12.447453876,1.261778128,0.0,0.0,0.630872464,2.7067282290000003,6.022148348,0.630872464,2.523546441,14.075678751999998,0.0,18.225237444,2.523546441,2.7067282290000003,6.497480232,2.075822565,2.523546441,0.630872464,1.261778128,8.545694789,22.789306093999997,0.0,0.630872464,0.0,0.0,179.31614191,3.15441617,22.836434331,1.892677383,1.892677383,8.669855849,0.0,20.645248383000002,0.0,0.0,1.444950101,0.0,14.684335576999999,3.785309148,2.075822565,0.630872464,0.0,0.0,27.829640328,6.022148348,0.0,1.444950101,1.444950101,7.942430333,1.444950101,0.0,0.0,0.0,0.038788824,0.000727536,0.06600798399999999,0.059293926000000004,0.002447184,0.0,0.0,0.0,0.0,0.0,0.09467962,0.0,0.350967799,0.0,0.0727907,0.103260324,0.7416372780000001,0.330996334,0.017036033000000003,0.018325221,2.0,2.0,"[[1, 3], [1, 2]]"
80x80,0.0,0.96942751,24.23480772,16.10929631,1.115576879,26.526747852,0.0,4.608559933,1.746482543,0.0,9.359627488000001,8.493816843,4.023860293,0.96942751,0.0,2.523546441,18.398741896,1.115576879,0.630872464,0.484704415,3.15441617,2.085016227,0.630872464,0.484704415,3.15441617,19.902047918,0.630872464,12.364143073000001,4.410540291,0.630872464,0.0,0.96942751,24.879684477,11.778738663999999,0.0,0.0,2.085016227,5.720416334,1.98696408,0.630872464,0.484704415,0.630872464,13.305454048,0.0,0.0,0.0,7.9148257310000005,3.15441617,9.161551731,39.74740914,0.0,0.0,0.0,21.889011998,1.115576879,0.0,9.948759084999999,17.563445011,0.0,6.653020812,3.15441617,14.012231288999999,5.866611174,16.445373846,4.270013563,6.022148348,0.96942751,1.115576879,0.630872464,0.0,0.484704415,26.952066682999998,0.630872464,1.600299974,35.191891888,0.0,0.0,7.0341037559999995,13.521415214000001,3.785309148,0.0,1.600299974,9.557539875,1.261778128,0.484704415,0.0,2.085016227,1.746482543,6.506852763,1.115576879,2.523546441,8.295830085999999,0.0,18.719087132000002,4.46234623,1.746482543,6.497480232,3.539101437,2.523546441,5.962713454,1.746482543,8.545694789,13.159252798999999,0.0,0.630872464,0.96942751,0.0,152.09852058,3.15441617,12.756285404,1.892677383,1.892677383,1.938799789,0.96942751,18.240038797,0.0,0.484704415,0.484704415,0.96942751,14.702650549,7.662952027999999,3.539101437,0.630872464,0.0,0.0,23.979399085,6.022148348,0.0,0.484704415,2.423576211,8.436280021,0.0,0.484704415,0.0,9.693010665,0.038788824,0.042370777,0.06989066299999999,0.087269597,0.002447184,0.023056926,0.0,0.085128075,0.0,0.0,0.09467962,0.0,0.705031853,0.0,0.0727907,0.0,0.7219834800000001,0.020155384,0.017036033000000003,0.018325221,2.0,2.0,"[[1, 3], [1, 3]]"
81x81,0.0,0.0,0.0,15.1398688,1.799525128,8.990357325,0.0,3.15441617,1.261778128,1.168652664,8.390199978,8.009112428,0.630872464,0.0,0.0,2.523546441,21.134604123,0.630872464,0.630872464,4.674662016,5.491752683,0.630872464,0.630872464,0.0,3.15441617,19.902047918,0.630872464,12.364143073000001,1.98696408,0.630872464,0.0,0.0,22.084543524,0.630872464,0.0,0.0,0.630872464,6.4043645829999996,7.830176167,0.630872464,1.168652664,0.630872464,14.474106712,0.0,0.0,4.674662016,9.083478395,5.491752683,7.222751942,39.74740914,0.0,0.0,0.0,23.057664662,0.630872464,0.0,9.46405467,18.64585648,0.0,6.653020812,3.15441617,12.784255875,5.866611174,15.960669431,3.785309148,6.022148348,0.0,0.630872464,0.630872464,0.0,1.168652664,30.657301189,0.630872464,0.630872464,4.767765808,0.0,0.0,8.20275642,13.720640368,3.785309148,0.0,0.630872464,9.557539875,1.261778128,0.0,0.0,0.630872464,2.430430792,6.022148348,1.799525128,2.523546441,8.295830085999999,0.0,19.117623856,3.6921991050000003,1.261778128,6.497480232,0.630872464,2.523546441,0.630872464,1.261778128,8.545694789,13.843201048,26.88046418,0.630872464,0.0,0.0,197.2577506,4.323068834,13.951790638,1.892677383,1.892677383,8.180577476,2.337336513,17.755334382,0.0,0.0,0.0,3.50598768,25.818920606,3.785309148,0.630872464,0.630872464,0.0,0.0,23.49469467,6.022148348,0.0,0.0,0.0,6.497480232,0.0,0.0,0.0,0.0,0.054741784,0.000727536,0.08697876,0.111411218,0.002447184,0.001917426,0.0,0.0,0.0,0.0,0.09467962,0.0,0.42321253,0.0,0.0727907,0.014984944,0.7860467730000001,0.020897989999999998,0.018096360000000002,0.018325221,2.0,2.0,"[[1, 3], [1, 4]]"
82x82,0.0,3.8593415110000002,24.23480772,18.999210311,1.115576879,20.504599503999998,1.444950101,4.608559933,1.746482543,0.0,10.804577589,2.471668495,4.023860293,0.96942751,1.444950101,9.748434578,16.469823685999998,2.56052698,0.630872464,0.484704415,3.15441617,2.085016227,0.630872464,0.484704415,4.599366271,13.87989957,2.075822565,13.809093174000001,5.855490392,0.630872464,0.0,0.96942751,27.769598478000002,14.668652665,0.0,0.0,2.085016227,5.720416334,1.98696408,0.630872464,0.484704415,0.630872464,1.261778128,0.0,0.0,0.0,1.892677383,3.15441617,9.161551731,41.192359241000005,0.0,0.0,0.0,20.201809307999998,2.56052698,0.0,9.948759084999999,21.898390669,0.0,9.300728312999999,3.15441617,14.012231288999999,5.866611174,19.335287847,4.270013563,0.0,0.96942751,2.56052698,0.630872464,0.0,0.484704415,2.862104893,0.630872464,3.0452500750000002,36.636841989,0.0,0.0,7.0341037559999995,17.856360872,3.785309148,0.0,1.600299974,12.447453876,1.261778128,0.484704415,0.0,2.085016227,3.1914326440000003,0.484704415,1.115576879,2.523546441,14.075678751999998,0.0,20.164037233000002,4.46234623,3.1914326440000003,6.497480232,4.984051538,2.523546441,5.962713454,1.746482543,2.523546441,11.230334588999998,0.0,0.630872464,0.96942751,0.0,114.75093685,3.15441617,28.652911744,1.892677383,1.892677383,10.608655637999998,0.96942751,15.10780445,0.0,0.484704415,1.929654516,0.96942751,11.570416202,7.662952027999999,4.984051538,0.630872464,0.0,0.0,16.270668822999998,0.0,0.0,1.929654516,3.868526312,9.881230122,1.444950101,0.484704415,0.0,9.693010665,0.036401422,0.042370777,0.06242132,0.08392234000000001,0.0,0.023056926,0.0,0.085128075,0.0,0.0,0.09467962,0.0,0.9925400420000001,0.0,0.0727907,0.103260324,0.5968876650000001,0.3254289,0.016644932,0.018325221,2.0,2.0,"[[1, 3], [2, 3]]"
83x83,0.0,2.889914001,0.0,18.029782801,1.799525128,2.9682089769999997,1.444950101,3.15441617,1.261778128,1.168652664,9.835150079,1.98696408,0.630872464,0.0,1.444950101,9.748434578,19.205685913,2.075822565,0.630872464,4.674662016,5.491752683,0.630872464,0.630872464,0.0,4.599366271,13.87989957,2.075822565,13.809093174000001,3.431914181,0.630872464,0.0,0.0,24.974457525000002,3.520786465,0.0,0.0,0.630872464,6.4043645829999996,7.830176167,0.630872464,1.168652664,0.630872464,2.430430792,0.0,0.0,4.674662016,3.061330047,5.491752683,7.222751942,41.192359241000005,0.0,0.0,0.0,21.370461971999998,2.075822565,0.0,9.46405467,22.980802138,0.0,9.300728312999999,3.15441617,12.784255875,5.866611174,18.850583432,3.785309148,0.0,0.0,2.075822565,0.630872464,0.0,1.168652664,6.567339399,0.630872464,2.075822565,6.212715909,0.0,0.0,8.20275642,18.055586026,3.785309148,0.0,0.630872464,12.447453876,1.261778128,0.0,0.0,0.630872464,3.875380893,0.0,1.799525128,2.523546441,14.075678751999998,0.0,20.562573957,3.6921991050000003,2.7067282290000003,6.497480232,2.075822565,2.523546441,0.630872464,1.261778128,2.523546441,11.914282837999998,26.88046418,0.630872464,0.0,0.0,159.91016687,4.323068834,29.848416978,1.892677383,1.892677383,16.850433324999997,2.337336513,14.623100035,0.0,0.0,1.444950101,3.50598768,22.686686259,3.785309148,2.075822565,0.630872464,0.0,0.0,15.785964407999998,0.0,0.0,1.444950101,1.444950101,7.942430333,1.444950101,0.0,0.0,0.0,0.052354382000000005,0.000727536,0.079509417,0.10806396100000001,0.0,0.001917426,0.0,0.0,0.0,0.0,0.09467962,0.0,0.710720719,0.0,0.0727907,0.118245268,0.6609509580000001,0.326171506,0.017705259,0.018325221,2.0,2.0,"[[1, 3], [2, 4]]"
84x84,0.0,0.96942751,24.23480772,16.10929631,2.284229543,22.841936017,0.0,4.608559933,1.746482543,1.168652664,9.359627488000001,2.471668495,4.023860293,0.96942751,0.0,2.523546441,11.029727992,1.115576879,0.630872464,5.1593664310000005,5.491752683,2.085016227,0.630872464,0.484704415,3.15441617,13.87989957,0.630872464,12.364143073000001,4.410540291,0.630872464,0.0,0.96942751,28.385672157000002,11.778738663999999,0.0,0.0,2.085016227,6.889068998,7.830176167,0.630872464,1.6533570789999998,0.630872464,2.430430792,0.0,0.0,4.674662016,3.061330047,5.491752683,9.161551731,39.74740914,0.0,0.0,0.0,17.035516314,1.115576879,0.0,9.948759084999999,21.069432691,0.0,0.630872464,3.15441617,21.024213936,5.866611174,16.445373846,4.270013563,0.0,0.96942751,1.115576879,0.630872464,0.0,1.6533570789999998,7.536766909000001,0.630872464,1.600299974,38.697879568,0.0,0.0,8.20275642,14.690067878,3.785309148,0.0,1.600299974,9.557539875,1.261778128,0.484704415,0.0,2.085016227,2.9151352069999996,0.484704415,2.284229543,2.523546441,8.295830085999999,0.0,21.056423645000002,5.630998893999999,1.746482543,6.497480232,3.539101437,2.523546441,5.962713454,1.746482543,2.523546441,2.284229543,26.88046418,0.630872464,0.96942751,0.0,132.69254554,4.323068834,19.768268051,1.892677383,1.892677383,10.119377265,3.306764023,12.217890449,0.0,0.484704415,0.484704415,4.47541519,22.705001230999997,7.662952027999999,3.539101437,0.630872464,0.0,0.0,11.935723164999999,0.0,0.0,0.484704415,2.423576211,8.436280021,0.0,0.484704415,0.0,9.693010665,0.052354382000000005,0.042370777,0.083392096,0.13603963200000002,0.0,0.024974352,0.0,0.085128075,0.0,0.0,0.09467962,0.0,1.064784773,0.0,0.0727907,0.014984944,0.6412971600000001,0.015330556,0.017705259,0.018325221,2.0,2.0,"[[1, 3], [3, 4]]"
85x85,0.891907941,0.0,22.634456401,15.1398688,0.630872464,43.528757862000006,0.0,6.005702524,1.795511968,0.0,7.801256378,6.914056289,2.232050031,0.0,0.53373384,3.949188222,20.378700266,1.522780405,0.630872464,0.0,5.8230975879999995,2.414685088,0.630872464,0.0,4.2218899,20.435781757999997,0.630872464,7.084947605,0.891907941,0.630872464,0.53373384,0.53373384,30.969028114,17.02219479,0.0,0.0,1.698346194,6.423557259,0.0,0.630872464,0.53373384,1.522780405,15.974135466,0.891907941,0.53373384,0.53373384,7.9148257310000005,15.255883731,5.71427217,52.02441051,0.0,0.0,0.891907941,19.902047918,2.056514245,1.425641781,9.46405467,26.011379778000002,0.891907941,9.14610632,3.68815001,11.622800696999999,5.453266742,12.52046948,3.785309148,6.022148348,0.891907941,0.630872464,0.630872464,0.53373384,0.0,28.300185637,1.1646063039999999,0.630872464,52.368597768,0.0,0.0,5.580873516,1.1646063039999999,21.082436942999998,0.0,0.630872464,10.597429271,1.261778128,0.53373384,0.0,1.698346194,8.916591566,6.555882188,0.630872464,3.057280281,12.011431899999998,0.53373384,16.845432343000002,7.509687578,1.795511968,4.307359065,5.265966553,3.057280281,6.508985121,1.261778128,8.545694789,12.674548384,0.0,2.232050031,0.0,0.0,148.75184453,3.68815001,17.102097688,2.784585324,1.892677383,9.986521914999999,0.0,13.375077855,0.0,0.891907941,0.0,0.0,21.395187098999997,10.379844311,10.434974278999999,0.630872464,2.134945535,0.53373384,25.960224632,7.089622078,0.0,1.959381671,1.601177567,6.0841358,0.0,0.0,8.897867656999999,23.15999384,0.028736252,0.026675883,0.071872097,0.100131141,0.002447184,0.0,0.0,0.0,0.0,0.0,0.101539583,0.0,0.092868703,0.0,0.0727907,0.000762815,0.897349826,0.010231803,0.021471407,0.018325221,2.0,2.0,"[[1, 4], [0, 1]]"
86x86,0.891907941,2.889914001,22.634456401,18.029782801,0.630872464,37.506609514000004,1.444950101,6.005702524,1.795511968,0.0,9.246206479,0.891907941,2.232050031,0.0,1.9786839410000001,11.174076359,18.449782055999997,2.967730506,0.630872464,0.0,5.8230975879999995,2.414685088,0.630872464,0.0,5.666840001,14.41363341,2.075822565,8.529897706,2.3368580420000002,0.630872464,0.53373384,0.53373384,33.858942115,19.912108791,0.0,0.0,1.698346194,6.423557259,0.0,0.630872464,0.53373384,1.522780405,3.930459546,0.891907941,0.53373384,0.53373384,1.892677383,15.255883731,5.71427217,53.469360611000006,0.0,0.0,0.891907941,18.214845227999998,3.5014643459999997,1.425641781,9.46405467,30.346325436,0.891907941,11.793813820999999,3.68815001,11.622800696999999,5.453266742,15.410383481,3.785309148,0.0,0.891907941,2.075822565,0.630872464,0.53373384,0.0,4.210223847,1.1646063039999999,2.075822565,53.813547869000004,0.0,0.0,5.580873516,5.499551962,21.082436942999998,0.0,0.630872464,13.487343272,1.261778128,0.53373384,0.0,1.698346194,10.361541667,0.53373384,0.630872464,3.057280281,17.791280565999998,0.53373384,18.290382444000002,7.509687578,3.2404620690000003,4.307359065,6.710916654,3.057280281,6.508985121,1.261778128,2.523546441,10.745630173999999,0.0,2.232050031,0.0,0.0,111.4042608,3.68815001,32.998724028,2.784585324,1.892677383,18.656377764,0.0,10.242843508,0.0,0.891907941,1.444950101,0.0,18.262952752,10.379844311,11.879924379999999,0.630872464,2.134945535,0.53373384,18.25149437,1.06747373,0.0,3.404331772,3.046127668,7.529085901,1.444950101,0.0,8.897867656999999,23.15999384,0.02634885,0.026675883,0.064402754,0.096783884,0.0,0.0,0.0,0.0,0.0,0.0,0.101539583,0.0,0.380376892,0.0,0.0727907,0.104023139,0.772254011,0.315505319,0.021080306,0.018325221,2.0,2.0,"[[1, 4], [0, 2]]"
87x87,0.891907941,0.96942751,46.869264121,16.10929631,1.115576879,57.380336554,0.0,7.459846287,2.280216383,0.0,8.770683888,1.376612356,5.62503786,0.96942751,0.53373384,3.949188222,10.273824134999998,2.00748482,0.630872464,0.484704415,5.8230975879999995,3.868828851,0.630872464,0.484704415,4.2218899,14.41363341,0.630872464,7.084947605,3.315484152,0.630872464,0.53373384,1.50316135,37.270156747,28.17006099,0.0,0.0,3.1524899570000002,6.908261674,0.0,0.630872464,1.018438255,1.522780405,3.930459546,0.891907941,0.53373384,0.53373384,1.892677383,15.255883731,7.653071959,52.02441051,0.0,0.0,0.891907941,13.87989957,2.5412186599999997,1.425641781,9.948759084999999,28.434955989000002,0.891907941,3.123957972,3.68815001,19.862758758,5.453266742,13.005173894999999,4.270013563,0.0,1.861335451,1.115576879,0.630872464,0.53373384,0.484704415,5.179651357,1.1646063039999999,1.600299974,86.298711528,0.0,0.0,5.580873516,2.134033814,21.082436942999998,0.0,1.600299974,10.597429271,1.261778128,1.018438255,0.0,3.1524899570000002,9.401295980999999,1.018438255,1.115576879,3.057280281,12.011431899999998,0.53373384,18.784232132000003,9.448487367,2.280216383,4.307359065,8.174195526,3.057280281,11.840826111,1.746482543,2.523546441,1.115576879,0.0,2.232050031,0.96942751,0.0,84.18663946999999,3.68815001,22.918575101000002,2.784585324,1.892677383,11.925321703999998,0.96942751,7.837633922000001,0.0,1.376612356,0.484704415,0.96942751,18.281267724,14.257487191,13.343203251999999,0.630872464,2.134945535,0.53373384,14.401253126999999,1.06747373,0.0,2.444086086,4.024753778,8.022935589,0.0,0.484704415,8.897867656999999,32.853004505,0.02634885,0.068319124,0.068285433,0.12475955500000001,0.0,0.023056926,0.0,0.085128075,0.0,0.0,0.101539583,0.0,0.7344409460000001,0.0,0.0727907,0.000762815,0.752600213,0.004664369,0.021080306,0.018325221,2.0,2.0,"[[1, 4], [0, 3]]"
88x88,0.891907941,0.0,22.634456401,15.1398688,1.799525128,39.843946027,0.0,6.005702524,1.795511968,1.168652664,7.801256378,0.891907941,2.232050031,0.0,0.53373384,3.949188222,13.009686362,1.522780405,0.630872464,4.674662016,8.160434101,2.414685088,0.630872464,0.0,4.2218899,14.41363341,0.630872464,7.084947605,0.891907941,0.630872464,0.53373384,0.53373384,34.475015794,17.02219479,0.0,0.0,1.698346194,7.5922099229999995,5.843212087,0.630872464,1.702386504,1.522780405,5.0991122099999995,0.891907941,0.53373384,5.208395856,3.061330047,17.593220244,5.71427217,52.02441051,0.0,0.0,0.891907941,15.048552233999999,2.056514245,1.425641781,9.46405467,29.517367458000003,0.891907941,3.123957972,3.68815001,18.634783344,5.453266742,12.52046948,3.785309148,0.0,0.891907941,0.630872464,0.630872464,0.53373384,1.168652664,8.884885863000001,1.1646063039999999,0.630872464,55.874585448,0.0,0.0,6.749526179999999,2.333258968,21.082436942999998,0.0,0.630872464,10.597429271,1.261778128,0.53373384,0.0,1.698346194,10.085244229999999,0.53373384,1.799525128,3.057280281,12.011431899999998,0.53373384,19.182768856000003,8.678340242,1.795511968,4.307359065,5.265966553,3.057280281,6.508985121,1.261778128,2.523546441,1.799525128,26.88046418,2.232050031,0.0,0.0,129.34586948999998,4.856802674,24.114080335,2.784585324,1.892677383,18.167099391,2.337336513,7.352929507000001,0.0,0.891907941,0.0,3.50598768,29.397537780999997,10.379844311,10.434974278999999,0.630872464,2.134945535,0.53373384,13.916548711999999,1.06747373,0.0,1.959381671,1.601177567,6.0841358,0.0,0.0,8.897867656999999,23.15999384,0.042301809999999995,0.026675883,0.08537353,0.14890117600000002,0.0,0.001917426,0.0,0.0,0.0,0.0,0.101539583,0.0,0.452621623,0.0,0.0727907,0.015747759,0.816663506,0.005406975,0.022140633,0.018325221,2.0,2.0,"[[1, 4], [0, 4]]"
89x89,0.0,2.889914001,7.472274141,18.029782801,0.630872464,24.799988302000003,1.444950101,4.2218899,1.795511968,0.0,7.462393854999999,6.022148348,2.232050031,0.0,1.9786839410000001,10.282168418,28.709645352,2.075822565,0.630872464,0.0,5.8230975879999995,0.630872464,0.630872464,0.0,5.666840001,20.435781757999997,2.075822565,8.529897706,1.444950101,0.630872464,0.53373384,0.53373384,24.047092409,10.993060606,0.0,0.0,1.698346194,5.5316493179999995,0.0,0.630872464,0.53373384,0.630872464,15.974135466,0.0,0.53373384,0.53373384,7.9148257310000005,14.363975790000001,3.930459546,53.469360611000006,0.0,0.0,0.0,24.236993576,2.609556405,0.53373384,9.46405467,23.210905039,0.0,16.924054228,3.68815001,8.055180338,4.561358801,15.410383481,3.785309148,6.022148348,0.0,2.075822565,0.630872464,0.53373384,0.0,26.516373013,1.1646063039999999,2.075822565,34.193009489000005,0.0,0.0,5.580873516,5.499551962,5.920254683,0.0,0.630872464,12.595435331000001,1.261778128,0.53373384,0.0,1.698346194,8.577729043,6.555882188,0.630872464,3.057280281,14.223660206999998,0.53373384,15.6145983,5.725874954,3.2404620690000003,2.523546441,3.143296295,3.057280281,3.8332009769999997,1.261778128,8.545694789,22.789306093999997,0.0,2.232050031,0.0,0.0,167.39502667,3.68815001,24.971379866,1.892677383,1.892677383,9.737329578999999,0.0,12.697371496999999,0.0,0.0,1.444950101,0.0,15.366052915000001,5.920254683,4.7445039829999995,0.630872464,2.134945535,0.53373384,28.511357666,7.089622078,0.0,2.512423831,3.046127668,6.63717796,1.444950101,0.0,8.005959716,10.67347076,0.002387402,0.02109664,0.059217905,0.072879523,0.002447184,0.0,0.0,0.0,0.0,0.0,0.087301532,0.0,0.350967799,0.0,0.0727907,0.103260324,0.711007756,0.321072753,0.021471407,0.018325221,2.0,2.0,"[[1, 4], [1, 2]]"
90x90,0.0,0.96942751,31.707081861,16.10929631,1.115576879,44.673715342,0.0,5.676033663,2.280216383,0.0,6.9868712639999995,6.506852763,5.62503786,0.96942751,0.53373384,3.057280281,20.533687431,1.115576879,0.630872464,0.484704415,5.8230975879999995,2.085016227,0.630872464,0.484704415,4.2218899,20.435781757999997,0.630872464,7.084947605,2.423576211,0.630872464,0.53373384,1.50316135,27.458307041,19.251012805,0.0,0.0,3.1524899570000002,6.016353733,0.0,0.630872464,1.018438255,0.630872464,15.974135466,0.0,0.53373384,0.53373384,7.9148257310000005,14.363975790000001,5.869259335,52.02441051,0.0,0.0,0.0,19.902047918,1.6493107189999998,0.53373384,9.948759084999999,21.299535592,0.0,8.254198379,3.68815001,16.295138399,4.561358801,13.005173894999999,4.270013563,6.022148348,0.96942751,1.115576879,0.630872464,0.53373384,0.484704415,27.485800522999998,1.1646063039999999,1.600299974,66.678173148,0.0,0.0,5.580873516,2.134033814,5.920254683,0.0,1.600299974,9.70552133,1.261778128,1.018438255,0.0,3.1524899570000002,7.617483357,7.040586603,1.115576879,3.057280281,8.443811540999999,0.53373384,16.108447988,7.664674743,2.280216383,2.523546441,4.606575167,3.057280281,9.165041967,1.746482543,8.545694789,13.159252798999999,0.0,2.232050031,0.96942751,0.0,140.17740534,3.68815001,14.891230939,1.892677383,1.892677383,3.0062735189999996,0.96942751,10.292161910999999,0.0,0.484704415,0.484704415,0.96942751,15.384367887,9.797897563,6.207782855,0.630872464,2.134945535,0.53373384,24.661116423,7.089622078,0.0,1.5521781449999998,4.024753778,7.131027648,0.0,0.484704415,8.005959716,20.366481425,0.002387402,0.062739881,0.063100584,0.10085519400000001,0.002447184,0.023056926,0.0,0.085128075,0.0,0.0,0.087301532,0.0,0.705031853,0.0,0.0727907,0.0,0.691353958,0.010231803,0.021471407,0.018325221,2.0,2.0,"[[1, 4], [1, 3]]"
91x91,0.0,0.0,7.472274141,15.1398688,1.799525128,27.137324815000003,0.0,4.2218899,1.795511968,1.168652664,6.017443753999999,6.022148348,2.232050031,0.0,0.53373384,3.057280281,23.269549658,0.630872464,0.630872464,4.674662016,8.160434101,0.630872464,0.630872464,0.0,4.2218899,20.435781757999997,0.630872464,7.084947605,0.0,0.630872464,0.53373384,0.53373384,24.663166088,8.103146605,0.0,0.0,1.698346194,6.700301981999999,5.843212087,0.630872464,1.702386504,0.630872464,17.14278813,0.0,0.53373384,5.208395856,9.083478395,16.701312303,3.930459546,52.02441051,0.0,0.0,0.0,21.070700582,1.1646063039999999,0.53373384,9.46405467,22.381947061,0.0,8.254198379,3.68815001,15.067162985,4.561358801,12.52046948,3.785309148,6.022148348,0.0,0.630872464,0.630872464,0.53373384,1.168652664,31.191035029,1.1646063039999999,0.630872464,36.254047068,0.0,0.0,6.749526179999999,2.333258968,5.920254683,0.0,0.630872464,9.70552133,1.261778128,0.53373384,0.0,1.698346194,8.301431606,6.555882188,1.799525128,3.057280281,8.443811540999999,0.53373384,16.506984712,6.894527618,1.795511968,2.523546441,1.698346194,3.057280281,3.8332009769999997,1.261778128,8.545694789,13.843201048,26.88046418,2.232050031,0.0,0.0,185.33663536,4.856802674,16.086736173,1.892677383,1.892677383,9.248051206,2.337336513,9.807457496,0.0,0.0,0.0,3.50598768,26.500637943999998,5.920254683,3.2995538819999997,0.630872464,2.134945535,0.53373384,24.176412008,7.089622078,0.0,1.06747373,1.601177567,5.192227859,0.0,0.0,8.005959716,10.67347076,0.018340362,0.02109664,0.08018868100000001,0.12499681500000001,0.002447184,0.001917426,0.0,0.0,0.0,0.0,0.087301532,0.0,0.42321253,0.0,0.0727907,0.014984944,0.755417251,0.010974409,0.022531734,0.018325221,2.0,2.0,"[[1, 4], [1, 4]]"
92x92,0.0,3.8593415110000002,31.707081861,18.999210311,1.115576879,38.651566994,1.444950101,5.676033663,2.280216383,0.0,8.431821365,0.484704415,5.62503786,0.96942751,1.9786839410000001,10.282168418,18.604769220999998,2.56052698,0.630872464,0.484704415,5.8230975879999995,2.085016227,0.630872464,0.484704415,5.666840001,14.41363341,2.075822565,8.529897706,3.868526312,0.630872464,0.53373384,1.50316135,30.348221042000002,22.140926806,0.0,0.0,3.1524899570000002,6.016353733,0.0,0.630872464,1.018438255,0.630872464,3.930459546,0.0,0.53373384,0.53373384,1.892677383,14.363975790000001,5.869259335,53.469360611000006,0.0,0.0,0.0,18.214845227999998,3.09426082,0.53373384,9.948759084999999,25.63448125,0.0,10.90190588,3.68815001,16.295138399,4.561358801,15.895087896,4.270013563,0.0,0.96942751,2.56052698,0.630872464,0.53373384,0.484704415,3.395838733,1.1646063039999999,3.0452500750000002,68.123123249,0.0,0.0,5.580873516,6.468979472,5.920254683,0.0,1.600299974,12.595435331000001,1.261778128,1.018438255,0.0,3.1524899570000002,9.062433458,1.018438255,1.115576879,3.057280281,14.223660206999998,0.53373384,17.553398089,7.664674743,3.7251664840000003,2.523546441,6.051525268,3.057280281,9.165041967,1.746482543,2.523546441,11.230334588999998,0.0,2.232050031,0.96942751,0.0,102.82982161,3.68815001,30.787857279,1.892677383,1.892677383,11.676129367999998,0.96942751,7.159927564000001,0.0,0.484704415,1.929654516,0.96942751,12.252133539999999,9.797897563,7.6527329559999995,0.630872464,2.134945535,0.53373384,16.952386161,1.06747373,0.0,2.997128246,5.469703879,8.575977749,1.444950101,0.484704415,8.005959716,20.366481425,0.0,0.062739881,0.055631241000000005,0.09750793700000002,0.0,0.023056926,0.0,0.085128075,0.0,0.0,0.087301532,0.0,0.9925400420000001,0.0,0.0727907,0.103260324,0.566258143,0.315505319,0.021080306,0.018325221,2.0,2.0,"[[1, 4], [2, 3]]"
93x93,0.0,2.889914001,7.472274141,18.029782801,1.799525128,21.115176467,1.444950101,4.2218899,1.795511968,1.168652664,7.462393854999999,0.0,2.232050031,0.0,1.9786839410000001,10.282168418,21.340631447999996,2.075822565,0.630872464,4.674662016,8.160434101,0.630872464,0.630872464,0.0,5.666840001,14.41363341,2.075822565,8.529897706,1.444950101,0.630872464,0.53373384,0.53373384,27.553080089,10.993060606,0.0,0.0,1.698346194,6.700301981999999,5.843212087,0.630872464,1.702386504,0.630872464,5.0991122099999995,0.0,0.53373384,5.208395856,3.061330047,16.701312303,3.930459546,53.469360611000006,0.0,0.0,0.0,19.383497891999998,2.609556405,0.53373384,9.46405467,26.716892719,0.0,10.90190588,3.68815001,15.067162985,4.561358801,15.410383481,3.785309148,0.0,0.0,2.075822565,0.630872464,0.53373384,1.168652664,7.101073239,1.1646063039999999,2.075822565,37.698997169,0.0,0.0,6.749526179999999,6.668204626,5.920254683,0.0,0.630872464,12.595435331000001,1.261778128,0.53373384,0.0,1.698346194,9.746381707,0.53373384,1.799525128,3.057280281,14.223660206999998,0.53373384,17.951934813,6.894527618,3.2404620690000003,2.523546441,3.143296295,3.057280281,3.8332009769999997,1.261778128,2.523546441,11.914282837999998,26.88046418,2.232050031,0.0,0.0,147.98905163,4.856802674,31.983362513,1.892677383,1.892677383,17.917907055,2.337336513,6.675223149000001,0.0,0.0,1.444950101,3.50598768,23.368403596999997,5.920254683,4.7445039829999995,0.630872464,2.134945535,0.53373384,16.467681746,1.06747373,0.0,2.512423831,3.046127668,6.63717796,1.444950101,0.0,8.005959716,10.67347076,0.01595296,0.02109664,0.07271933800000001,0.12164955800000002,0.0,0.001917426,0.0,0.0,0.0,0.0,0.087301532,0.0,0.710720719,0.0,0.0727907,0.118245268,0.630321436,0.316247925,0.022140633,0.018325221,2.0,2.0,"[[1, 4], [2, 4]]"
94x94,0.0,0.96942751,31.707081861,16.10929631,2.284229543,40.988903506999996,0.0,5.676033663,2.280216383,1.168652664,6.9868712639999995,0.484704415,5.62503786,0.96942751,0.53373384,3.057280281,13.164673526999998,1.115576879,0.630872464,5.1593664310000005,8.160434101,2.085016227,0.630872464,0.484704415,4.2218899,14.41363341,0.630872464,7.084947605,2.423576211,0.630872464,0.53373384,1.50316135,30.964294721,19.251012805,0.0,0.0,3.1524899570000002,7.1850063969999995,5.843212087,0.630872464,2.187090919,0.630872464,5.0991122099999995,0.0,0.53373384,5.208395856,3.061330047,16.701312303,5.869259335,52.02441051,0.0,0.0,0.0,15.048552233999999,1.6493107189999998,0.53373384,9.948759084999999,24.805523272000002,0.0,2.232050031,3.68815001,23.307121046,4.561358801,13.005173894999999,4.270013563,0.0,0.96942751,1.115576879,0.630872464,0.53373384,1.6533570789999998,8.070500749,1.1646063039999999,1.600299974,70.184160828,0.0,0.0,6.749526179999999,3.302686478,5.920254683,0.0,1.600299974,9.70552133,1.261778128,1.018438255,0.0,3.1524899570000002,8.786136021,1.018438255,2.284229543,3.057280281,8.443811540999999,0.53373384,18.445784501000002,8.833327407,2.280216383,2.523546441,4.606575167,3.057280281,9.165041967,1.746482543,2.523546441,2.284229543,26.88046418,2.232050031,0.96942751,0.0,120.77143029999999,4.856802674,21.903213586,1.892677383,1.892677383,11.186850995,3.306764023,4.270013563,0.0,0.484704415,0.484704415,4.47541519,23.386718569,9.797897563,6.207782855,0.630872464,2.134945535,0.53373384,12.617440503,1.06747373,0.0,1.5521781449999998,4.024753778,7.131027648,0.0,0.484704415,8.005959716,20.366481425,0.01595296,0.062739881,0.07660201700000001,0.14962522900000003,0.0,0.024974352,0.0,0.085128075,0.0,0.0,0.087301532,0.0,1.064784773,0.0,0.0727907,0.014984944,0.610667638,0.005406975,0.022140633,0.018325221,2.0,2.0,"[[1, 4], [3, 4]]"
95x95,0.891907941,0.0,16.943432079,8.906038237,0.0,26.532167727,0.0,5.346282395,0.0,0.0,14.663784652,8.901020369,0.0,0.0,0.0,1.782509449,17.389958315,0.891907941,0.0,1.781249819,1.781249819,1.783812624,0.0,0.0,0.0,6.912749856,0.0,15.072813845,4.66012184,0.0,0.0,0.0,21.116485008,8.919048185,0.0,0.0,0.0,4.865841732,1.98696408,0.0,0.890601508,0.891907941,15.606145691,0.891907941,0.0,0.0,6.912749856,2.67315776,13.088447926,0.0,0.0,0.890601508,0.891907941,8.899713936,0.891907941,0.891907941,0.0,30.290028737,0.891907941,6.914056289,9.796922897,6.445185947000001,8.428311503,6.6457420979999995,2.671808307,8.693956655000001,0.891907941,0.0,0.0,0.0,0.0,28.545582721000002,0.0,0.890601508,21.401788199,0.0,0.0,1.98696408,11.92111524,17.833990567,0.890601508,0.0,4.66012184,2.671808307,0.0,0.0,0.0,3.565062443,6.022148348,6.234358059,0.0,18.912784489,0.0,20.420583927000003,2.674414132,0.0,9.320216186,3.567620359,1.781249819,2.675784144,0.0,6.022148348,12.934277428,0.0,1.781249819,0.890601508,0.0,160.67295976999998,0.0,15.152281121000001,0.891907941,0.0,10.700298003999999,0.0,25.553149376999997,0.0,0.891907941,0.0,0.0,16.928160613,6.240839447,8.026021905,0.890601508,0.890601508,0.890601508,26.501370704,6.022148348,0.0,0.891907941,1.781249819,8.428311503,0.0,0.0,0.891907941,13.377124588,0.06513767399999999,0.018391853,0.090133326,0.086845452,0.002447184,0.0,0.0,0.0,0.0,0.0,0.120528352,0.0,0.029409093,0.0,0.048409627,0.000762815,0.886267113,0.020155384,0.017036033000000003,0.00828011,2.0,2.0,"[[2, 3], [0, 1]]"
96x96,0.891907941,2.889914001,16.943432079,11.795952238000002,0.0,20.510019379,1.444950101,5.346282395,0.0,0.0,16.108734753,2.878872021,0.0,0.0,1.444950101,9.007397586,15.461040104999999,2.3368580420000002,0.0,1.781249819,1.781249819,1.783812624,0.0,0.0,1.444950101,0.890601508,1.444950101,16.517763946000002,6.105071941,0.0,0.0,0.0,24.006399009000003,11.808962185999999,0.0,0.0,0.0,4.865841732,1.98696408,0.0,0.890601508,0.891907941,3.562469771,0.891907941,0.0,0.0,0.890601508,2.67315776,13.088447926,1.444950101,0.0,0.890601508,0.891907941,7.212511246,2.3368580420000002,0.891907941,0.0,34.624974395,0.891907941,9.561763789999999,9.796922897,6.445185947000001,8.428311503,9.535656099,2.671808307,2.671808307,0.891907941,1.444950101,0.0,0.0,0.0,4.455620931,0.0,2.3355516090000004,22.8467383,0.0,0.0,1.98696408,16.256060898,17.833990567,0.890601508,0.0,7.550035841000001,2.671808307,0.0,0.0,0.0,5.010012544,0.0,6.234358059,0.0,24.692633155,0.0,21.865534028000003,2.674414132,1.444950101,9.320216186,5.01257046,1.781249819,2.675784144,0.0,0.0,11.005359217999999,0.0,1.781249819,0.890601508,0.0,123.32537604,0.0,31.048907461,0.891907941,0.0,19.370153852999998,0.0,22.42091503,0.0,0.891907941,1.444950101,0.0,13.795926265999999,6.240839447,9.470972006,0.890601508,0.890601508,0.890601508,18.792640442,0.0,0.0,2.3368580420000002,3.22619992,9.873261604,1.444950101,0.0,0.891907941,13.377124588,0.062750272,0.018391853,0.082663983,0.083498195,0.0,0.0,0.0,0.0,0.0,0.0,0.120528352,0.0,0.316917282,0.0,0.048409627,0.104023139,0.761171298,0.3254289,0.016644932,0.00828011,2.0,2.0,"[[2, 3], [0, 2]]"
97x97,0.891907941,0.96942751,41.178239798999996,9.875465747,0.484704415,40.383746419,0.0,6.8004261580000005,0.484704415,0.0,15.633212162,3.363576436,3.392987829,0.96942751,0.0,1.782509449,7.285082184,1.376612356,0.0,2.265954234,1.781249819,3.237956387,0.0,0.484704415,0.0,0.890601508,0.0,15.072813845,7.083698051000001,0.0,0.0,0.96942751,27.417613641000003,20.066914384999997,0.0,0.0,1.454143763,5.350546147,1.98696408,0.0,1.375305923,0.891907941,3.562469771,0.891907941,0.0,0.0,0.890601508,2.67315776,15.027247715000001,0.0,0.0,0.890601508,0.891907941,2.877565588,1.376612356,0.891907941,0.484704415,32.713604948,0.891907941,0.891907941,9.796922897,14.685144008,8.428311503,7.130446513,3.156512722,2.671808307,1.861335451,0.484704415,0.0,0.0,0.484704415,5.425048441,0.0,1.860029018,55.33190195899999,0.0,0.0,1.98696408,12.890542750000002,17.833990567,0.890601508,0.96942751,4.66012184,2.671808307,0.484704415,0.0,1.454143763,4.049766858,0.484704415,6.719062474,0.0,18.912784489,0.0,22.359383716000004,4.613213921,0.484704415,9.320216186,6.475849332,1.781249819,8.007625134,0.484704415,0.0,1.375305923,0.0,1.781249819,1.860029018,0.0,96.10775471,0.0,20.968758534000003,0.891907941,0.0,12.639097792999998,0.96942751,20.015705443999998,0.0,1.376612356,0.484704415,0.96942751,13.814241238,10.118482326999999,10.934250878,0.890601508,0.890601508,0.890601508,14.942399198999999,0.0,0.0,1.376612356,4.2048260299999995,10.367111292,0.0,0.484704415,0.891907941,23.070135252999997,0.062750272,0.060035094,0.086546662,0.111473866,0.0,0.023056926,0.0,0.085128075,0.0,0.0,0.120528352,0.0,0.6709813360000001,0.0,0.048409627,0.000762815,0.7415175,0.01458795,0.016644932,0.00828011,2.0,2.0,"[[2, 3], [0, 3]]"
98x98,0.891907941,0.0,16.943432079,8.906038237,1.168652664,22.847355892,0.0,5.346282395,0.0,1.168652664,14.663784652,2.878872021,0.0,0.0,0.0,1.782509449,10.020944411,0.891907941,0.0,6.455911835,4.118586332,1.783812624,0.0,0.0,0.0,0.890601508,0.0,15.072813845,4.66012184,0.0,0.0,0.0,24.622472688000002,8.919048185,0.0,0.0,0.0,6.0344943959999995,7.830176167,0.0,2.059254172,0.891907941,4.731122435,0.891907941,0.0,4.674662016,2.059254172,5.010494273,13.088447926,0.0,0.0,0.890601508,0.891907941,4.046218252,0.891907941,0.891907941,0.0,33.796016417,0.891907941,0.891907941,9.796922897,13.457168594,8.428311503,6.6457420979999995,2.671808307,2.671808307,0.891907941,0.0,0.0,0.0,1.168652664,9.130282947000001,0.0,0.890601508,24.907775879,0.0,0.0,3.1556167439999996,13.089767904,17.833990567,0.890601508,0.0,4.66012184,2.671808307,0.0,0.0,0.0,4.733715107,0.0,7.4030107229999995,0.0,18.912784489,0.0,22.757920440000003,3.8430667959999996,0.0,9.320216186,3.567620359,1.781249819,2.675784144,0.0,0.0,2.059254172,26.88046418,1.781249819,0.890601508,0.0,141.26698473,1.168652664,22.164263768,0.891907941,0.0,18.88087548,2.337336513,19.531001029,0.0,0.891907941,0.0,3.50598768,24.930511295,6.240839447,8.026021905,0.890601508,0.890601508,0.890601508,14.457694784,0.0,0.0,0.891907941,1.781249819,8.428311503,0.0,0.0,0.891907941,13.377124588,0.078703232,0.018391853,0.103634759,0.135615487,0.0,0.001917426,0.0,0.0,0.0,0.0,0.120528352,0.0,0.389162013,0.0,0.048409627,0.015747759,0.8055807930000001,0.015330556,0.017705259,0.00828011,2.0,2.0,"[[2, 3], [0, 4]]"
99x99,0.0,2.889914001,1.781249819,11.795952238000002,0.0,7.803398167,1.444950101,3.562469771,0.0,0.0,14.324922129,8.009112428,0.0,0.0,1.444950101,8.115489645,25.720903401,1.444950101,0.0,1.781249819,1.781249819,0.0,0.0,0.0,1.444950101,6.912749856,1.444950101,16.517763946000002,5.213164,0.0,0.0,0.0,14.194549303000002,2.889914001,0.0,0.0,0.0,3.973933791,1.98696408,0.0,0.890601508,0.0,15.606145691,0.0,0.0,0.0,6.912749856,1.781249819,11.304635302000001,1.444950101,0.0,0.890601508,0.0,13.234659594,1.444950101,0.0,0.0,27.489553997999998,0.0,14.692004197,9.796922897,2.877565588,7.536403562,9.535656099,2.671808307,8.693956655000001,0.0,1.444950101,0.0,0.0,0.0,26.761770097,0.0,2.3355516090000004,3.22619992,0.0,0.0,1.98696408,16.256060898,2.671808307,0.890601508,0.0,6.6581279,2.671808307,0.0,0.0,0.0,3.22619992,6.022148348,6.234358059,0.0,21.125012796,0.0,19.189749884,0.890601508,1.444950101,7.536403562,1.444950101,1.781249819,0.0,0.0,6.022148348,23.049035138,0.0,1.781249819,0.890601508,0.0,179.31614191,0.0,23.021563299,0.0,0.0,10.451105667999999,0.0,24.875443019000002,0.0,0.0,1.444950101,0.0,10.899026429,1.781249819,2.3355516090000004,0.890601508,0.890601508,0.890601508,29.052503738,6.022148348,0.0,1.444950101,3.22619992,8.981353663,1.444950101,0.0,0.0,0.890601508,0.038788824,0.01281261,0.077479134,0.059593834000000005,0.002447184,0.0,0.0,0.0,0.0,0.0,0.106290301,0.0,0.287508189,0.0,0.048409627,0.103260324,0.699925043,0.330996334,0.017036033000000003,0.00828011,2.0,2.0,"[[2, 3], [1, 2]]"
100x100,0.0,0.96942751,26.016057539,9.875465747,0.484704415,27.677125207,0.0,5.016613534,0.484704415,0.0,13.849399538,8.493816843,3.392987829,0.96942751,0.0,0.890601508,17.54494548,0.484704415,0.0,2.265954234,1.781249819,1.454143763,0.0,0.484704415,0.0,6.912749856,0.0,15.072813845,6.1917901099999995,0.0,0.0,0.96942751,17.605763935000002,11.1478662,0.0,0.0,1.454143763,4.458638206,1.98696408,0.0,1.375305923,0.0,15.606145691,0.0,0.0,0.0,6.912749856,1.781249819,13.243435091000002,0.0,0.0,0.890601508,0.0,8.899713936,0.484704415,0.0,0.484704415,25.578184551,0.0,6.022148348,9.796922897,11.117523648999999,7.536403562,7.130446513,3.156512722,8.693956655000001,0.96942751,0.484704415,0.0,0.0,0.484704415,27.731197607,0.0,1.860029018,35.711363579,0.0,0.0,1.98696408,12.890542750000002,2.671808307,0.890601508,0.96942751,3.768213899,2.671808307,0.484704415,0.0,1.454143763,2.265954234,6.506852763,6.719062474,0.0,15.34516413,0.0,19.683599572000002,2.829401297,0.484704415,7.536403562,2.908228973,1.781249819,5.33184099,0.484704415,6.022148348,13.418981843,0.0,1.781249819,1.860029018,0.0,152.09852058,0.0,12.941414372,0.0,0.0,3.720049608,0.96942751,22.470233433,0.0,0.484704415,0.484704415,0.96942751,10.917341401,5.658892699,3.798830481,0.890601508,0.890601508,0.890601508,25.202262495,6.022148348,0.0,0.484704415,4.2048260299999995,9.475203351000001,0.0,0.484704415,0.0,10.583612172999999,0.038788824,0.054455851,0.081361813,0.087569505,0.002447184,0.023056926,0.0,0.085128075,0.0,0.0,0.106290301,0.0,0.641572243,0.0,0.048409627,0.0,0.680271245,0.020155384,0.017036033000000003,0.00828011,2.0,2.0,"[[2, 3], [1, 3]]"
101x101,0.0,0.0,1.781249819,8.906038237,1.168652664,10.14073468,0.0,3.562469771,0.0,1.168652664,12.879972028000001,8.009112428,0.0,0.0,0.0,0.890601508,20.280807707,0.0,0.0,6.455911835,4.118586332,0.0,0.0,0.0,0.0,6.912749856,0.0,15.072813845,3.768213899,0.0,0.0,0.0,14.810622982000002,0.0,0.0,0.0,0.0,5.142586455,7.830176167,0.0,2.059254172,0.0,16.774798355,0.0,0.0,4.674662016,8.08140252,4.118586332,11.304635302000001,0.0,0.0,0.890601508,0.0,10.0683666,0.0,0.0,0.0,26.66059602,0.0,6.022148348,9.796922897,9.889548235,7.536403562,6.6457420979999995,2.671808307,8.693956655000001,0.0,0.0,0.0,0.0,1.168652664,31.436432113,0.0,0.890601508,5.287237499,0.0,0.0,3.1556167439999996,13.089767904,2.671808307,0.890601508,0.0,3.768213899,2.671808307,0.0,0.0,0.0,2.949902483,6.022148348,7.4030107229999995,0.0,15.34516413,0.0,20.082136296,2.059254172,0.0,7.536403562,0.0,1.781249819,0.0,0.0,6.022148348,14.102930092,26.88046418,1.781249819,0.890601508,0.0,197.2577506,1.168652664,14.136919606,0.0,0.0,9.961827294999999,2.337336513,21.985529018,0.0,0.0,0.0,3.50598768,22.033611458,1.781249819,0.890601508,0.890601508,0.890601508,0.890601508,24.71755808,6.022148348,0.0,0.0,1.781249819,7.536403562,0.0,0.0,0.0,0.890601508,0.054741784,0.01281261,0.09844991,0.11171112600000001,0.002447184,0.001917426,0.0,0.0,0.0,0.0,0.106290301,0.0,0.35975292,0.0,0.048409627,0.014984944,0.744334538,0.020897989999999998,0.018096360000000002,0.00828011,2.0,2.0,"[[2, 3], [1, 4]]"
102x102,0.0,3.8593415110000002,26.016057539,12.765379748,0.484704415,21.654976858999998,1.444950101,5.016613534,0.484704415,0.0,15.294349639,2.471668495,3.392987829,0.96942751,1.444950101,8.115489645,15.61602727,1.929654516,0.0,2.265954234,1.781249819,1.454143763,0.0,0.484704415,1.444950101,0.890601508,1.444950101,16.517763946000002,7.636740210999999,0.0,0.0,0.96942751,20.495677936000003,14.037780201,0.0,0.0,1.454143763,4.458638206,1.98696408,0.0,1.375305923,0.0,3.562469771,0.0,0.0,0.0,0.890601508,1.781249819,13.243435091000002,1.444950101,0.0,0.890601508,0.0,7.212511246,1.929654516,0.0,0.484704415,29.913130209,0.0,8.669855849,9.796922897,11.117523648999999,7.536403562,10.020360514,3.156512722,2.671808307,0.96942751,1.929654516,0.0,0.0,0.484704415,3.641235817,0.0,3.3049791190000004,37.15631368,0.0,0.0,1.98696408,17.225488408,2.671808307,0.890601508,0.96942751,6.6581279,2.671808307,0.484704415,0.0,1.454143763,3.710904335,0.484704415,6.719062474,0.0,21.125012796,0.0,21.128549673000002,2.829401297,1.929654516,7.536403562,4.353179074,1.781249819,5.33184099,0.484704415,0.0,11.490063632999998,0.0,1.781249819,1.860029018,0.0,114.75093685,0.0,28.838040712,0.0,0.0,12.389905456999998,0.96942751,19.337999086,0.0,0.484704415,1.929654516,0.96942751,7.785107054,5.658892699,5.243780582,0.890601508,0.890601508,0.890601508,17.493532233,0.0,0.0,1.929654516,5.649776130999999,10.920153452000001,1.444950101,0.484704415,0.0,10.583612172999999,0.036401422,0.054455851,0.07389247,0.084222248,0.0,0.023056926,0.0,0.085128075,0.0,0.0,0.106290301,0.0,0.9290804320000001,0.0,0.048409627,0.103260324,0.55517543,0.3254289,0.016644932,0.00828011,2.0,2.0,"[[2, 3], [2, 3]]"
103x103,0.0,2.889914001,1.781249819,11.795952238000002,1.168652664,4.118586332,1.444950101,3.562469771,0.0,1.168652664,14.324922129,1.98696408,0.0,0.0,1.444950101,8.115489645,18.351889497,1.444950101,0.0,6.455911835,4.118586332,0.0,0.0,0.0,1.444950101,0.890601508,1.444950101,16.517763946000002,5.213164,0.0,0.0,0.0,17.700536983000003,2.889914001,0.0,0.0,0.0,5.142586455,7.830176167,0.0,2.059254172,0.0,4.731122435,0.0,0.0,4.674662016,2.059254172,4.118586332,11.304635302000001,1.444950101,0.0,0.890601508,0.0,8.38116391,1.444950101,0.0,0.0,30.995541678,0.0,8.669855849,9.796922897,9.889548235,7.536403562,9.535656099,2.671808307,2.671808307,0.0,1.444950101,0.0,0.0,1.168652664,7.346470323,0.0,2.3355516090000004,6.7321876,0.0,0.0,3.1556167439999996,17.424713562,2.671808307,0.890601508,0.0,6.6581279,2.671808307,0.0,0.0,0.0,4.394852584,0.0,7.4030107229999995,0.0,21.125012796,0.0,21.527086397,2.059254172,1.444950101,7.536403562,1.444950101,1.781249819,0.0,0.0,0.0,12.174011881999999,26.88046418,1.781249819,0.890601508,0.0,159.91016687,1.168652664,30.033545946,0.0,0.0,18.631683144,2.337336513,18.853294671,0.0,0.0,1.444950101,3.50598768,18.901377111,1.781249819,2.3355516090000004,0.890601508,0.890601508,0.890601508,17.008827818,0.0,0.0,1.444950101,3.22619992,8.981353663,1.444950101,0.0,0.0,0.890601508,0.052354382000000005,0.01281261,0.09098056700000001,0.108363869,0.0,0.001917426,0.0,0.0,0.0,0.0,0.106290301,0.0,0.647261109,0.0,0.048409627,0.118245268,0.619238723,0.326171506,0.017705259,0.00828011,2.0,2.0,"[[2, 3], [2, 4]]"
104x104,0.0,0.96942751,26.016057539,9.875465747,1.6533570789999998,23.992313371999998,0.0,5.016613534,0.484704415,1.168652664,13.849399538,2.471668495,3.392987829,0.96942751,0.0,0.890601508,10.175931576,0.484704415,0.0,6.94061625,4.118586332,1.454143763,0.0,0.484704415,0.0,0.890601508,0.0,15.072813845,6.1917901099999995,0.0,0.0,0.96942751,21.111751615000003,11.1478662,0.0,0.0,1.454143763,5.6272908699999995,7.830176167,0.0,2.5439585869999997,0.0,4.731122435,0.0,0.0,4.674662016,2.059254172,4.118586332,13.243435091000002,0.0,0.0,0.890601508,0.0,4.046218252,0.484704415,0.0,0.484704415,29.084172231,0.0,0.0,9.796922897,18.129506296,7.536403562,7.130446513,3.156512722,2.671808307,0.96942751,0.484704415,0.0,0.0,1.6533570789999998,8.315897833000001,0.0,1.860029018,39.217351259,0.0,0.0,3.1556167439999996,14.059195414000001,2.671808307,0.890601508,0.96942751,3.768213899,2.671808307,0.484704415,0.0,1.454143763,3.434606898,0.484704415,7.887715138,0.0,15.34516413,0.0,22.020936085000002,3.998053961,0.484704415,7.536403562,2.908228973,1.781249819,5.33184099,0.484704415,0.0,2.5439585869999997,26.88046418,1.781249819,1.860029018,0.0,132.69254554,1.168652664,19.953397019,0.0,0.0,11.900627084,3.306764023,16.448085085,0.0,0.484704415,0.484704415,4.47541519,18.919692083,5.658892699,3.798830481,0.890601508,0.890601508,0.890601508,13.158586575,0.0,0.0,0.484704415,4.2048260299999995,9.475203351000001,0.0,0.484704415,0.0,10.583612172999999,0.052354382000000005,0.054455851,0.09486324600000001,0.13633954,0.0,0.024974352,0.0,0.085128075,0.0,0.0,0.106290301,0.0,1.001325163,0.0,0.048409627,0.014984944,0.599584925,0.015330556,0.017705259,0.00828011,2.0,2.0,"[[2, 3], [3, 4]]"
105x105,0.891907941,0.0,24.415706219999997,8.906038237,0.0,44.679135217,0.0,6.413756125,0.53373384,0.0,12.291028428,6.914056289,1.601177567,0.0,0.53373384,2.316243289,19.52490385,0.891907941,0.0,1.781249819,4.4499312369999995,1.783812624,0.0,0.0,1.06747373,7.446483696,0.0,9.793618377,2.67315776,0.0,0.53373384,0.53373384,23.695107572,16.391322326,0.0,0.0,1.06747373,5.161779131,0.0,0.0,1.424335348,0.891907941,18.274827109,0.891907941,0.53373384,0.53373384,6.912749856,13.882717379999999,9.79615553,12.27700137,0.0,0.890601508,0.891907941,6.912749856,1.425641781,1.425641781,0.0,34.026119318,0.891907941,8.515233856,10.330656737,8.728093056999999,7.123059130000001,3.205542147,2.671808307,8.693956655000001,0.891907941,0.0,0.0,0.53373384,0.0,29.079316561,0.53373384,0.890601508,52.888069459,0.0,0.0,0.53373384,0.53373384,19.968936102,0.890601508,0.0,4.808103295,2.671808307,0.53373384,0.0,1.06747373,9.436063257,6.555882188,6.234358059,0.53373384,19.060765944,0.53373384,17.809944783000002,5.876742645,0.53373384,5.346282395,4.635094089,2.314983659,5.878112657,0.0,6.022148348,12.934277428,0.0,3.382427386,0.890601508,0.0,148.75184453,0.53373384,17.287226656,0.891907941,0.0,11.767771734,0.0,17.605272491,0.0,0.891907941,0.0,0.0,17.609877951,8.375784981999999,10.694703322999999,0.890601508,3.025547043,1.424335348,27.183088042,7.089622078,0.0,1.959381671,3.382427386,7.123059130000001,0.0,0.0,8.897867656999999,24.050595348,0.028736252,0.038760957,0.083343247,0.100431049,0.002447184,0.0,0.0,0.0,0.0,0.0,0.113150264,0.0,0.029409093,0.0,0.048409627,0.000762815,0.855637591,0.010231803,0.021471407,0.00828011,2.0,2.0,"[[2, 4], [0, 1]]"
106x106,0.891907941,2.889914001,24.415706219999997,11.795952238000002,0.0,38.656986869,1.444950101,6.413756125,0.53373384,0.0,13.735978529,0.891907941,1.601177567,0.0,1.9786839410000001,9.541131426,17.59598564,2.3368580420000002,0.0,1.781249819,4.4499312369999995,1.783812624,0.0,0.0,2.512423831,1.424335348,1.444950101,11.238568478,4.118107861,0.0,0.53373384,0.53373384,26.585021573000002,19.281236327000002,0.0,0.0,1.06747373,5.161779131,0.0,0.0,1.424335348,0.891907941,6.231151189,0.891907941,0.53373384,0.53373384,0.890601508,13.882717379999999,9.79615553,13.721951471,0.0,0.890601508,0.891907941,5.225547166,2.8705918820000003,1.425641781,0.0,38.361064976,0.891907941,11.162941357,10.330656737,8.728093056999999,7.123059130000001,6.095456148,2.671808307,2.671808307,0.891907941,1.444950101,0.0,0.53373384,0.0,4.989354771,0.53373384,2.3355516090000004,54.333019560000004,0.0,0.0,0.53373384,4.868679498,19.968936102,0.890601508,0.0,7.698017296000001,2.671808307,0.53373384,0.0,1.06747373,10.881013358,0.53373384,6.234358059,0.53373384,24.84061461,0.53373384,19.254894884000002,5.876742645,1.9786839410000001,5.346282395,6.08004419,2.314983659,5.878112657,0.0,0.0,11.005359217999999,0.0,3.382427386,0.890601508,0.0,111.4042608,0.53373384,33.183852996,0.891907941,0.0,20.437627583,0.0,14.473038144,0.0,0.891907941,1.444950101,0.0,14.477643604,8.375784981999999,12.139653423999999,0.890601508,3.025547043,1.424335348,19.47435778,1.06747373,0.0,3.404331772,4.827377487,8.568009231000001,1.444950101,0.0,8.897867656999999,24.050595348,0.02634885,0.038760957,0.07587390399999999,0.09708379199999999,0.0,0.0,0.0,0.0,0.0,0.0,0.113150264,0.0,0.316917282,0.0,0.048409627,0.104023139,0.730541776,0.315505319,0.021080306,0.00828011,2.0,2.0,"[[2, 4], [0, 2]]"
107x107,0.891907941,0.96942751,48.650513939999996,9.875465747,0.484704415,58.530713909,0.0,7.867899888,1.018438255,0.0,13.260455938,1.376612356,4.994165396,0.96942751,0.53373384,2.316243289,9.420027719,1.376612356,0.0,2.265954234,4.4499312369999995,3.237956387,0.0,0.484704415,1.06747373,1.424335348,0.0,9.793618377,5.096733971,0.0,0.53373384,1.50316135,29.996236205000002,27.539188526,0.0,0.0,2.521617493,5.646483546000001,0.0,0.0,1.909039763,0.891907941,6.231151189,0.891907941,0.53373384,0.53373384,0.890601508,13.882717379999999,11.734955319,12.27700137,0.0,0.890601508,0.891907941,0.890601508,1.9103461959999999,1.425641781,0.484704415,36.449695528999996,0.891907941,2.493085508,10.330656737,16.968051117999998,7.123059130000001,3.690246562,3.156512722,2.671808307,1.861335451,0.484704415,0.0,0.53373384,0.484704415,5.958782281,0.53373384,1.860029018,86.81818321899999,0.0,0.0,0.53373384,1.50316135,19.968936102,0.890601508,0.96942751,4.808103295,2.671808307,1.018438255,0.0,2.521617493,9.920767672,1.018438255,6.719062474,0.53373384,19.060765944,0.53373384,19.748744572000003,7.815542434,1.018438255,5.346282395,7.543323062,2.314983659,11.209953646999999,0.484704415,0.0,1.375305923,0.0,3.382427386,1.860029018,0.0,84.18663946999999,0.53373384,23.103704069000003,0.891907941,0.0,13.706571523000001,0.96942751,12.067828557999999,0.0,1.376612356,0.484704415,0.96942751,14.495958576,12.253427861999999,13.602932295999999,0.890601508,3.025547043,1.424335348,15.624116536999999,1.06747373,0.0,2.444086086,5.806003597,9.061858919,0.0,0.484704415,8.897867656999999,33.743606013000004,0.02634885,0.080404198,0.07975658299999999,0.12505946299999998,0.0,0.023056926,0.0,0.085128075,0.0,0.0,0.113150264,0.0,0.6709813360000001,0.0,0.048409627,0.000762815,0.710887978,0.004664369,0.021080306,0.00828011,2.0,2.0,"[[2, 4], [0, 3]]"
108x108,0.891907941,0.0,24.415706219999997,8.906038237,1.168652664,40.994323382,0.0,6.413756125,0.53373384,1.168652664,12.291028428,0.891907941,1.601177567,0.0,0.53373384,2.316243289,12.155889946,0.891907941,0.0,6.455911835,6.78726775,1.783812624,0.0,0.0,1.06747373,1.424335348,0.0,9.793618377,2.67315776,0.0,0.53373384,0.53373384,27.201095252000002,16.391322326,0.0,0.0,1.06747373,6.330431795,5.843212087,0.0,2.592988012,0.891907941,7.399803853,0.891907941,0.53373384,5.208395856,2.059254172,16.220053893,9.79615553,12.27700137,0.0,0.890601508,0.891907941,2.059254172,1.425641781,1.425641781,0.0,37.532106997999996,0.891907941,2.493085508,10.330656737,15.740075703999999,7.123059130000001,3.205542147,2.671808307,2.671808307,0.891907941,0.0,0.0,0.53373384,1.168652664,9.664016787000001,0.53373384,0.890601508,56.394057139,0.0,0.0,1.702386504,1.702386504,19.968936102,0.890601508,0.0,4.808103295,2.671808307,0.53373384,0.0,1.06747373,10.604715921,0.53373384,7.4030107229999995,0.53373384,19.060765944,0.53373384,20.147281296000003,7.045395309,0.53373384,5.346282395,4.635094089,2.314983659,5.878112657,0.0,0.0,2.059254172,26.88046418,3.382427386,0.890601508,0.0,129.34586948999998,1.702386504,24.299209303,0.891907941,0.0,19.94834921,2.337336513,11.583124143,0.0,0.891907941,0.0,3.50598768,25.612228633,8.375784981999999,10.694703322999999,0.890601508,3.025547043,1.424335348,15.139412122,1.06747373,0.0,1.959381671,3.382427386,7.123059130000001,0.0,0.0,8.897867656999999,24.050595348,0.042301809999999995,0.038760957,0.09684468,0.14920108399999998,0.0,0.001917426,0.0,0.0,0.0,0.0,0.113150264,0.0,0.389162013,0.0,0.048409627,0.015747759,0.774951271,0.005406975,0.022140633,0.00828011,2.0,2.0,"[[2, 4], [0, 4]]"
109x109,0.0,2.889914001,9.253523959999999,11.795952238000002,0.0,25.950365657,1.444950101,4.629943501,0.53373384,0.0,11.952165905000001,6.022148348,1.601177567,0.0,1.9786839410000001,8.649223485,27.855848936,1.444950101,0.0,1.781249819,4.4499312369999995,0.0,0.0,0.0,2.512423831,7.446483696,1.444950101,11.238568478,3.22619992,0.0,0.53373384,0.53373384,16.773171867000002,10.362188142,0.0,0.0,1.06747373,4.26987119,0.0,0.0,1.424335348,0.0,18.274827109,0.0,0.53373384,0.53373384,6.912749856,12.990809439,8.012342906,13.721951471,0.0,0.890601508,0.0,11.247695514,1.9786839410000001,0.53373384,0.0,31.225644578999997,0.0,16.293181764,10.330656737,5.1604726979999995,6.231151189,6.095456148,2.671808307,8.693956655000001,0.0,1.444950101,0.0,0.53373384,0.0,27.295503937,0.53373384,2.3355516090000004,34.712481180000005,0.0,0.0,0.53373384,4.868679498,4.806753842,0.890601508,0.0,6.806109355,2.671808307,0.53373384,0.0,1.06747373,9.097200734000001,6.555882188,6.234358059,0.53373384,21.272994251,0.53373384,16.57911074,4.092930021,1.9786839410000001,3.562469771,2.512423831,2.314983659,3.202328513,0.0,6.022148348,23.049035138,0.0,3.382427386,0.890601508,0.0,167.39502667,0.53373384,25.156508834,0.0,0.0,11.518579398,0.0,16.927566133,0.0,0.0,1.444950101,0.0,11.580743767000001,3.916195354,5.004233027,0.890601508,3.025547043,1.424335348,29.734221076,7.089622078,0.0,2.512423831,4.827377487,7.67610129,1.444950101,0.0,8.005959716,11.564072268,0.002387402,0.033181714,0.070689055,0.073179431,0.002447184,0.0,0.0,0.0,0.0,0.0,0.098912213,0.0,0.287508189,0.0,0.048409627,0.103260324,0.669295521,0.321072753,0.021471407,0.00828011,2.0,2.0,"[[2, 4], [1, 2]]"
110x110,0.0,0.96942751,33.48833168,9.875465747,0.484704415,45.824092697,0.0,6.084087264,1.018438255,0.0,11.476643314,6.506852763,4.994165396,0.96942751,0.53373384,1.424335348,19.679891015000003,0.484704415,0.0,2.265954234,4.4499312369999995,1.454143763,0.0,0.484704415,1.06747373,7.446483696,0.0,9.793618377,4.2048260299999995,0.0,0.53373384,1.50316135,20.184386499000002,18.620140341,0.0,0.0,2.521617493,4.754575605,0.0,0.0,1.909039763,0.0,18.274827109,0.0,0.53373384,0.53373384,6.912749856,12.990809439,9.951142695000001,12.27700137,0.0,0.890601508,0.0,6.912749856,1.018438255,0.53373384,0.484704415,29.314275132,0.0,7.623325915,10.330656737,13.400430758999999,6.231151189,3.690246562,3.156512722,8.693956655000001,0.96942751,0.484704415,0.0,0.53373384,0.484704415,28.264931447,0.53373384,1.860029018,67.19764483899999,0.0,0.0,0.53373384,1.50316135,4.806753842,0.890601508,0.96942751,3.916195354,2.671808307,1.018438255,0.0,2.521617493,8.136955048,7.040586603,6.719062474,0.53373384,15.493145585,0.53373384,17.072960428000002,6.03172981,1.018438255,3.562469771,3.9757027029999996,2.314983659,8.534169503,0.484704415,6.022148348,13.418981843,0.0,3.382427386,1.860029018,0.0,140.17740534,0.53373384,15.076359907,0.0,0.0,4.787523338,0.96942751,14.522356547,0.0,0.484704415,0.484704415,0.96942751,11.599058739,7.793838234,6.467511899,0.890601508,3.025547043,1.424335348,25.883979833,7.089622078,0.0,1.5521781449999998,5.806003597,8.169950978,0.0,0.484704415,8.005959716,21.257082933,0.002387402,0.074824955,0.074571734,0.101155102,0.002447184,0.023056926,0.0,0.085128075,0.0,0.0,0.098912213,0.0,0.641572243,0.0,0.048409627,0.0,0.649641723,0.010231803,0.021471407,0.00828011,2.0,2.0,"[[2, 4], [1, 3]]"
111x111,0.0,0.0,9.253523959999999,8.906038237,1.168652664,28.28770217,0.0,4.629943501,0.53373384,1.168652664,10.507215804000001,6.022148348,1.601177567,0.0,0.53373384,1.424335348,22.415753242,0.0,0.0,6.455911835,6.78726775,0.0,0.0,0.0,1.06747373,7.446483696,0.0,9.793618377,1.781249819,0.0,0.53373384,0.53373384,17.389245546,7.472274141,0.0,0.0,1.06747373,5.438523854,5.843212087,0.0,2.592988012,0.0,19.443479773,0.0,0.53373384,5.208395856,8.08140252,15.328145952,8.012342906,12.27700137,0.0,0.890601508,0.0,8.08140252,0.53373384,0.53373384,0.0,30.396686601,0.0,7.623325915,10.330656737,12.172455345,6.231151189,3.205542147,2.671808307,8.693956655000001,0.0,0.0,0.0,0.53373384,1.168652664,31.970165953,0.53373384,0.890601508,36.773518759,0.0,0.0,1.702386504,1.702386504,4.806753842,0.890601508,0.0,3.916195354,2.671808307,0.53373384,0.0,1.06747373,8.820903297000001,6.555882188,7.4030107229999995,0.53373384,15.493145585,0.53373384,17.471497152,5.261582685,0.53373384,3.562469771,1.06747373,2.314983659,3.202328513,0.0,6.022148348,14.102930092,26.88046418,3.382427386,0.890601508,0.0,185.33663536,1.702386504,16.271865141,0.0,0.0,11.029301024999999,2.337336513,14.037652132,0.0,0.0,0.0,3.50598768,22.715328796,3.916195354,3.559282926,0.890601508,3.025547043,1.424335348,25.399275418000002,7.089622078,0.0,1.06747373,3.382427386,6.231151189,0.0,0.0,8.005959716,11.564072268,0.018340362,0.033181714,0.091659831,0.125296723,0.002447184,0.001917426,0.0,0.0,0.0,0.0,0.098912213,0.0,0.35975292,0.0,0.048409627,0.014984944,0.713705016,0.010974409,0.022531734,0.00828011,2.0,2.0,"[[2, 4], [1, 4]]"
112x112,0.0,3.8593415110000002,33.48833168,12.765379748,0.484704415,39.801944348999996,1.444950101,6.084087264,1.018438255,0.0,12.921593415,0.484704415,4.994165396,0.96942751,1.9786839410000001,8.649223485,17.750972805,1.929654516,0.0,2.265954234,4.4499312369999995,1.454143763,0.0,0.484704415,2.512423831,1.424335348,1.444950101,11.238568478,5.649776130999999,0.0,0.53373384,1.50316135,23.074300500000003,21.510054342,0.0,0.0,2.521617493,4.754575605,0.0,0.0,1.909039763,0.0,6.231151189,0.0,0.53373384,0.53373384,0.890601508,12.990809439,9.951142695000001,13.721951471,0.0,0.890601508,0.0,5.225547166,2.4633883560000003,0.53373384,0.484704415,33.649220789999994,0.0,10.271033416,10.330656737,13.400430758999999,6.231151189,6.580160563000001,3.156512722,2.671808307,0.96942751,1.929654516,0.0,0.53373384,0.484704415,4.174969657,0.53373384,3.3049791190000004,68.64259494000001,0.0,0.0,0.53373384,5.838107008,4.806753842,0.890601508,0.96942751,6.806109355,2.671808307,1.018438255,0.0,2.521617493,9.581905149,1.018438255,6.719062474,0.53373384,21.272994251,0.53373384,18.517910529,6.03172981,2.4633883560000003,3.562469771,5.4206528039999995,2.314983659,8.534169503,0.484704415,0.0,11.490063632999998,0.0,3.382427386,1.860029018,0.0,102.82982161,0.53373384,30.972986247,0.0,0.0,13.457379187,0.96942751,11.3901222,0.0,0.484704415,1.929654516,0.96942751,8.466824392,7.793838234,7.912462,0.890601508,3.025547043,1.424335348,18.175249571,1.06747373,0.0,2.997128246,7.250953698,9.614901079,1.444950101,0.484704415,8.005959716,21.257082933,0.0,0.074824955,0.067102391,0.097807845,0.0,0.023056926,0.0,0.085128075,0.0,0.0,0.098912213,0.0,0.9290804320000001,0.0,0.048409627,0.103260324,0.524545908,0.315505319,0.021080306,0.00828011,2.0,2.0,"[[2, 4], [2, 3]]"
113x113,0.0,2.889914001,9.253523959999999,11.795952238000002,1.168652664,22.265553822,1.444950101,4.629943501,0.53373384,1.168652664,11.952165905000001,0.0,1.601177567,0.0,1.9786839410000001,8.649223485,20.486835032,1.444950101,0.0,6.455911835,6.78726775,0.0,0.0,0.0,2.512423831,1.424335348,1.444950101,11.238568478,3.22619992,0.0,0.53373384,0.53373384,20.279159547000003,10.362188142,0.0,0.0,1.06747373,5.438523854,5.843212087,0.0,2.592988012,0.0,7.399803853,0.0,0.53373384,5.208395856,2.059254172,15.328145952,8.012342906,13.721951471,0.0,0.890601508,0.0,6.39419983,1.9786839410000001,0.53373384,0.0,34.731632258999994,0.0,10.271033416,10.330656737,12.172455345,6.231151189,6.095456148,2.671808307,2.671808307,0.0,1.444950101,0.0,0.53373384,1.168652664,7.880204163,0.53373384,2.3355516090000004,38.21846886,0.0,0.0,1.702386504,6.037332161999999,4.806753842,0.890601508,0.0,6.806109355,2.671808307,0.53373384,0.0,1.06747373,10.265853398,0.53373384,7.4030107229999995,0.53373384,21.272994251,0.53373384,18.916447253,5.261582685,1.9786839410000001,3.562469771,2.512423831,2.314983659,3.202328513,0.0,0.0,12.174011881999999,26.88046418,3.382427386,0.890601508,0.0,147.98905163,1.702386504,32.168491481000004,0.0,0.0,19.699156874,2.337336513,10.905417785000001,0.0,0.0,1.444950101,3.50598768,19.583094449,3.916195354,5.004233027,0.890601508,3.025547043,1.424335348,17.690545156,1.06747373,0.0,2.512423831,4.827377487,7.67610129,1.444950101,0.0,8.005959716,11.564072268,0.01595296,0.033181714,0.08419048800000001,0.121949466,0.0,0.001917426,0.0,0.0,0.0,0.0,0.098912213,0.0,0.647261109,0.0,0.048409627,0.118245268,0.588609201,0.316247925,0.022140633,0.00828011,2.0,2.0,"[[2, 4], [2, 4]]"
114x114,0.0,0.96942751,33.48833168,9.875465747,1.6533570789999998,42.13928086199999,0.0,6.084087264,1.018438255,1.168652664,11.476643314,0.484704415,4.994165396,0.96942751,0.53373384,1.424335348,12.310877111,0.484704415,0.0,6.94061625,6.78726775,1.454143763,0.0,0.484704415,1.06747373,1.424335348,0.0,9.793618377,4.2048260299999995,0.0,0.53373384,1.50316135,23.690374179000003,18.620140341,0.0,0.0,2.521617493,5.923228269,5.843212087,0.0,3.0776924269999997,0.0,7.399803853,0.0,0.53373384,5.208395856,2.059254172,15.328145952,9.951142695000001,12.27700137,0.0,0.890601508,0.0,2.059254172,1.018438255,0.53373384,0.484704415,32.820262811999996,0.0,1.601177567,10.330656737,20.412413406,6.231151189,3.690246562,3.156512722,2.671808307,0.96942751,0.484704415,0.0,0.53373384,1.6533570789999998,8.849631673000001,0.53373384,1.860029018,70.703632519,0.0,0.0,1.702386504,2.6718140139999997,4.806753842,0.890601508,0.96942751,3.916195354,2.671808307,1.018438255,0.0,2.521617493,9.305607712,1.018438255,7.887715138,0.53373384,15.493145585,0.53373384,19.410296941000002,7.2003824739999995,1.018438255,3.562469771,3.9757027029999996,2.314983659,8.534169503,0.484704415,0.0,2.5439585869999997,26.88046418,3.382427386,1.860029018,0.0,120.77143029999999,1.702386504,22.088342554,0.0,0.0,12.968100814,3.306764023,8.500208199,0.0,0.484704415,0.484704415,4.47541519,19.601409421,7.793838234,6.467511899,0.890601508,3.025547043,1.424335348,13.840303913,1.06747373,0.0,1.5521781449999998,5.806003597,8.169950978,0.0,0.484704415,8.005959716,21.257082933,0.01595296,0.074824955,0.08807316700000001,0.14992513699999999,0.0,0.024974352,0.0,0.085128075,0.0,0.0,0.098912213,0.0,1.001325163,0.0,0.048409627,0.014984944,0.568955403,0.005406975,0.022140633,0.00828011,2.0,2.0,"[[2, 4], [3, 4]]"
115x115,0.891907941,0.0,22.634456401,0.0,0.0,42.897885398,0.0,2.851286354,0.53373384,0.0,7.358923982,8.901020369,1.601177567,0.0,0.53373384,1.425641781,15.962434079000001,0.891907941,0.0,0.0,2.668681418,1.783812624,0.0,0.0,1.06747373,6.555882188,0.0,10.616558304,2.878872021,0.0,0.53373384,0.53373384,24.312419898,16.391322326,0.0,0.0,1.06747373,9.135712922,1.98696408,0.0,0.53373384,0.891907941,14.712357338,0.891907941,0.53373384,0.53373384,6.022148348,12.101467561,10.413467855999999,12.27700137,0.0,0.0,0.891907941,8.009112428,1.425641781,1.425641781,0.0,10.871510978,0.891907941,8.515233856,0.53373384,9.824455629,7.53452315,4.507667631,0.0,6.022148348,0.891907941,0.0,0.0,0.53373384,0.0,26.407508254,0.53373384,0.0,51.10681964,0.0,0.0,2.52069792,12.45484908,17.297127795,0.0,0.0,5.013817556,0.0,0.53373384,0.0,1.06747373,7.654813438000001,6.555882188,0.0,0.53373384,7.689529974,0.53373384,15.960898772,4.986141137,0.53373384,5.757746415,4.635094089,0.53373384,5.878112657,0.0,6.022148348,12.04367592,0.0,1.601177567,0.0,0.0,160.67295976999998,0.53373384,10.162289697,0.891907941,0.0,9.986521914999999,0.0,17.537645593,0.0,0.891907941,0.0,0.0,19.596842031,6.594535163,9.804101815,0.0,2.134945535,0.53373384,18.483134042,7.089622078,0.0,1.959381671,1.601177567,7.53452315,0.0,0.0,8.897867656999999,23.15999384,0.06513767399999999,0.025948347,0.105992246,0.07798342,0.002447184,0.0,0.0,0.0,0.0,0.0,0.021616139,0.0,0.029409093,0.0,0.0,0.000762815,0.875971811,0.024819753,0.038116339,0.0,2.0,2.0,"[[3, 4], [0, 1]]"
116x116,0.891907941,2.889914001,22.634456401,2.889914001,0.0,36.87573705,1.444950101,2.851286354,0.53373384,0.0,8.803874083,2.878872021,1.601177567,0.0,1.9786839410000001,8.650529918,14.033515868999999,2.3368580420000002,0.0,0.0,2.668681418,1.783812624,0.0,0.0,2.512423831,0.53373384,1.444950101,12.061508405,4.323822122,0.0,0.53373384,0.53373384,27.202333899000003,19.281236327000002,0.0,0.0,1.06747373,9.135712922,1.98696408,0.0,0.53373384,0.891907941,2.668681418,0.891907941,0.53373384,0.53373384,0.0,12.101467561,10.413467855999999,13.721951471,0.0,0.0,0.891907941,6.321909738,2.8705918820000003,1.425641781,0.0,15.206456635999999,0.891907941,11.162941357,0.53373384,9.824455629,7.53452315,7.3975816320000005,0.0,0.0,0.891907941,1.444950101,0.0,0.53373384,0.0,2.3175464640000003,0.53373384,1.444950101,52.551769741,0.0,0.0,2.52069792,16.789794738,17.297127795,0.0,0.0,7.903731557,0.0,0.53373384,0.0,1.06747373,9.099763539000001,0.53373384,0.0,0.53373384,13.46937864,0.53373384,17.405848873,4.986141137,1.9786839410000001,5.757746415,6.08004419,0.53373384,5.878112657,0.0,0.0,10.11475771,0.0,1.601177567,0.0,0.0,123.32537604,0.53373384,26.058916037,0.891907941,0.0,18.656377764,0.0,14.405411246,0.0,0.891907941,1.444950101,0.0,16.464607684,6.594535163,11.249051915999999,0.0,2.134945535,0.53373384,10.77440378,1.06747373,0.0,3.404331772,3.046127668,8.979473251,1.444950101,0.0,8.897867656999999,23.15999384,0.062750272,0.025948347,0.098522903,0.07463616299999999,0.0,0.0,0.0,0.0,0.0,0.0,0.021616139,0.0,0.316917282,0.0,0.0,0.104023139,0.750875996,0.330093269,0.037725238,0.0,2.0,2.0,"[[3, 4], [0, 2]]"
117x117,0.891907941,0.96942751,46.869264121,0.96942751,0.484704415,56.74946409,0.0,4.305430117,1.018438255,0.0,8.328351492,3.363576436,4.994165396,0.96942751,0.53373384,1.425641781,5.857557948,1.376612356,0.0,0.484704415,2.668681418,3.237956387,0.0,0.484704415,1.06747373,0.53373384,0.0,10.616558304,5.302448232,0.0,0.53373384,1.50316135,30.613548531000003,27.539188526,0.0,0.0,2.521617493,9.620417337,1.98696408,0.0,1.018438255,0.891907941,2.668681418,0.891907941,0.53373384,0.53373384,0.0,12.101467561,12.352267644999998,12.27700137,0.0,0.0,0.891907941,1.98696408,1.9103461959999999,1.425641781,0.484704415,13.295087189,0.891907941,2.493085508,0.53373384,18.06441369,7.53452315,4.992372046000001,0.484704415,0.0,1.861335451,0.484704415,0.0,0.53373384,0.484704415,3.2869739740000004,0.53373384,0.96942751,85.0369334,0.0,0.0,2.52069792,13.424276590000002,17.297127795,0.0,0.96942751,5.013817556,0.0,1.018438255,0.0,2.521617493,8.139517853000001,1.018438255,0.484704415,0.53373384,7.689529974,0.53373384,17.899698561,6.924940926,1.018438255,5.757746415,7.543323062,0.53373384,11.209953646999999,0.484704415,0.0,0.484704415,0.0,1.601177567,0.96942751,0.0,96.10775471,0.53373384,15.97876711,0.891907941,0.0,11.925321703999998,0.96942751,12.00020166,0.0,1.376612356,0.484704415,0.96942751,16.482922656,10.472178043,12.712330788,0.0,2.134945535,0.53373384,6.924162537000001,1.06747373,0.0,2.444086086,4.024753778,9.473322938999999,0.0,0.484704415,8.897867656999999,32.853004505,0.062750272,0.067591588,0.102405582,0.102611834,0.0,0.023056926,0.0,0.085128075,0.0,0.0,0.021616139,0.0,0.6709813360000001,0.0,0.0,0.000762815,0.731222198,0.019252319,0.037725238,0.0,2.0,2.0,"[[3, 4], [0, 3]]"
118x118,0.891907941,0.0,22.634456401,0.0,1.168652664,39.213073562999995,0.0,2.851286354,0.53373384,1.168652664,7.358923982,2.878872021,1.601177567,0.0,0.53373384,1.425641781,8.593420175,0.891907941,0.0,4.674662016,5.006017931,1.783812624,0.0,0.0,1.06747373,0.53373384,0.0,10.616558304,2.878872021,0.0,0.53373384,0.53373384,27.818407578000002,16.391322326,0.0,0.0,1.06747373,10.304365586,7.830176167,0.0,1.702386504,0.891907941,3.837334082,0.891907941,0.53373384,5.208395856,1.168652664,14.438804074,10.413467855999999,12.27700137,0.0,0.0,0.891907941,3.1556167439999996,1.425641781,1.425641781,0.0,14.377498658,0.891907941,2.493085508,0.53373384,16.836438276,7.53452315,4.507667631,0.0,0.0,0.891907941,0.0,0.0,0.53373384,1.168652664,6.99220848,0.53373384,0.0,54.612807319999995,0.0,0.0,3.6893505839999996,13.623501744,17.297127795,0.0,0.0,5.013817556,0.0,0.53373384,0.0,1.06747373,8.823466102000001,0.53373384,1.168652664,0.53373384,7.689529974,0.53373384,18.298235285,6.154793800999999,0.53373384,5.757746415,4.635094089,0.53373384,5.878112657,0.0,0.0,1.168652664,26.88046418,1.601177567,0.0,0.0,141.26698473,1.702386504,17.174272344000002,0.891907941,0.0,18.167099391,2.337336513,11.515497245,0.0,0.891907941,0.0,3.50598768,27.599192713,6.594535163,9.804101815,0.0,2.134945535,0.53373384,6.4394581220000005,1.06747373,0.0,1.959381671,1.601177567,7.53452315,0.0,0.0,8.897867656999999,23.15999384,0.078703232,0.025948347,0.119493679,0.12675345500000001,0.0,0.001917426,0.0,0.0,0.0,0.0,0.021616139,0.0,0.389162013,0.0,0.0,0.015747759,0.795285491,0.019994925,0.038785565,0.0,2.0,2.0,"[[3, 4], [0, 4]]"
119x119,0.0,2.889914001,7.472274141,2.889914001,0.0,24.169115838000003,1.444950101,1.06747373,0.53373384,0.0,7.020061459,8.009112428,1.601177567,0.0,1.9786839410000001,7.758621977,24.293379164999997,1.444950101,0.0,0.0,2.668681418,0.0,0.0,0.0,2.512423831,6.555882188,1.444950101,12.061508405,3.431914181,0.0,0.53373384,0.53373384,17.390484193000002,10.362188142,0.0,0.0,1.06747373,8.243804981,1.98696408,0.0,0.53373384,0.0,14.712357338,0.0,0.53373384,0.53373384,6.022148348,11.20955962,8.629655232,13.721951471,0.0,0.0,0.0,12.344058086,1.9786839410000001,0.53373384,0.0,8.071036239,0.0,16.293181764,0.53373384,6.25683527,6.642615209,7.3975816320000005,0.0,6.022148348,0.0,1.444950101,0.0,0.53373384,0.0,24.62369563,0.53373384,1.444950101,32.931231361,0.0,0.0,2.52069792,16.789794738,2.134945535,0.0,0.0,7.011823616,0.0,0.53373384,0.0,1.06747373,7.315950915,6.555882188,0.0,0.53373384,9.901758281,0.53373384,14.730064729,3.202328513,1.9786839410000001,3.973933791,2.512423831,0.53373384,3.202328513,0.0,6.022148348,22.158433629999998,0.0,1.601177567,0.0,0.0,179.31614191,0.53373384,18.031571874999997,0.0,0.0,9.737329578999999,0.0,16.859939235000002,0.0,0.0,1.444950101,0.0,13.567707847000001,2.134945535,4.113631519,0.0,2.134945535,0.53373384,21.034267076,7.089622078,0.0,2.512423831,3.046127668,8.08756531,1.444950101,0.0,8.005959716,10.67347076,0.038788824,0.020369104,0.093338054,0.050731802,0.002447184,0.0,0.0,0.0,0.0,0.0,0.007378088,0.0,0.287508189,0.0,0.0,0.103260324,0.6896297410000001,0.335660703,0.038116339,0.0,2.0,2.0,"[[3, 4], [1, 2]]"
120x120,0.0,0.96942751,31.707081861,0.96942751,0.484704415,44.042842878,0.0,2.521617493,1.018438255,0.0,6.544538868,8.493816843,4.994165396,0.96942751,0.53373384,0.53373384,16.117421244,0.484704415,0.0,0.484704415,2.668681418,1.454143763,0.0,0.484704415,1.06747373,6.555882188,0.0,10.616558304,4.410540291,0.0,0.53373384,1.50316135,20.801698825000003,18.620140341,0.0,0.0,2.521617493,8.728509396,1.98696408,0.0,1.018438255,0.0,14.712357338,0.0,0.53373384,0.53373384,6.022148348,11.20955962,10.568455020999998,12.27700137,0.0,0.0,0.0,8.009112428,1.018438255,0.53373384,0.484704415,6.1596667919999994,0.0,7.623325915,0.53373384,14.496793331,6.642615209,4.992372046000001,0.484704415,6.022148348,0.96942751,0.484704415,0.0,0.53373384,0.484704415,25.59312314,0.53373384,0.96942751,65.41639502,0.0,0.0,2.52069792,13.424276590000002,2.134945535,0.0,0.96942751,4.121909615,0.0,1.018438255,0.0,2.521617493,6.355705229000001,7.040586603,0.484704415,0.53373384,4.121909615,0.53373384,15.223914417,5.141128302,1.018438255,3.973933791,3.9757027029999996,0.53373384,8.534169503,0.484704415,6.022148348,12.528380335,0.0,1.601177567,0.96942751,0.0,152.09852058,0.53373384,7.951422948,0.0,0.0,3.0062735189999996,0.96942751,14.454729649,0.0,0.484704415,0.484704415,0.96942751,13.586022819,6.012588415,5.576910391,0.0,2.134945535,0.53373384,17.184025833,7.089622078,0.0,1.5521781449999998,4.024753778,8.581414998,0.0,0.484704415,8.005959716,20.366481425,0.038788824,0.062012344999999996,0.097220733,0.078707473,0.002447184,0.023056926,0.0,0.085128075,0.0,0.0,0.007378088,0.0,0.641572243,0.0,0.0,0.0,0.6699759430000001,0.024819753,0.038116339,0.0,2.0,2.0,"[[3, 4], [1, 3]]"
121x121,0.0,0.0,7.472274141,0.0,1.168652664,26.506452351000004,0.0,1.06747373,0.53373384,1.168652664,5.575111358,8.009112428,1.601177567,0.0,0.53373384,0.53373384,18.853283471,0.0,0.0,4.674662016,5.006017931,0.0,0.0,0.0,1.06747373,6.555882188,0.0,10.616558304,1.98696408,0.0,0.53373384,0.53373384,18.006557872000002,7.472274141,0.0,0.0,1.06747373,9.412457645,7.830176167,0.0,1.702386504,0.0,15.881010002,0.0,0.53373384,5.208395856,7.190801012,13.546896133,8.629655232,12.27700137,0.0,0.0,0.0,9.177765092,0.53373384,0.53373384,0.0,7.242078261,0.0,7.623325915,0.53373384,13.268817917,6.642615209,4.507667631,0.0,6.022148348,0.0,0.0,0.0,0.53373384,1.168652664,29.298357646,0.53373384,0.0,34.992268939999995,0.0,0.0,3.6893505839999996,13.623501744,2.134945535,0.0,0.0,4.121909615,0.0,0.53373384,0.0,1.06747373,7.039653478,6.555882188,1.168652664,0.53373384,4.121909615,0.53373384,15.622451141,4.370981177,0.53373384,3.973933791,1.06747373,0.53373384,3.202328513,0.0,6.022148348,13.212328584,26.88046418,1.601177567,0.0,0.0,197.2577506,1.702386504,9.146928182,0.0,0.0,9.248051206,2.337336513,13.970025234000001,0.0,0.0,0.0,3.50598768,24.702292876,2.134945535,2.668681418,0.0,2.134945535,0.53373384,16.699321418,7.089622078,0.0,1.06747373,1.601177567,6.642615209,0.0,0.0,8.005959716,10.67347076,0.054741784,0.020369104,0.11430883,0.102849094,0.002447184,0.001917426,0.0,0.0,0.0,0.0,0.007378088,0.0,0.35975292,0.0,0.0,0.014984944,0.7340392360000001,0.025562359,0.039176666,0.0,2.0,2.0,"[[3, 4], [1, 4]]"
122x122,0.0,3.8593415110000002,31.707081861,3.8593415110000002,0.484704415,38.02069453,1.444950101,2.521617493,1.018438255,0.0,7.989488969,2.471668495,4.994165396,0.96942751,1.9786839410000001,7.758621977,14.188503034,1.929654516,0.0,0.484704415,2.668681418,1.454143763,0.0,0.484704415,2.512423831,0.53373384,1.444950101,12.061508405,5.855490392,0.0,0.53373384,1.50316135,23.691612826000004,21.510054342,0.0,0.0,2.521617493,8.728509396,1.98696408,0.0,1.018438255,0.0,2.668681418,0.0,0.53373384,0.53373384,0.0,11.20955962,10.568455020999998,13.721951471,0.0,0.0,0.0,6.321909738,2.4633883560000003,0.53373384,0.484704415,10.49461245,0.0,10.271033416,0.53373384,14.496793331,6.642615209,7.882286047000001,0.484704415,0.0,0.96942751,1.929654516,0.0,0.53373384,0.484704415,1.50316135,0.53373384,2.414377611,66.861345121,0.0,0.0,2.52069792,17.759222248,2.134945535,0.0,0.96942751,7.011823616,0.0,1.018438255,0.0,2.521617493,7.8006553300000006,1.018438255,0.484704415,0.53373384,9.901758281,0.53373384,16.668864518,5.141128302,2.4633883560000003,3.973933791,5.4206528039999995,0.53373384,8.534169503,0.484704415,0.0,10.599462124999999,0.0,1.601177567,0.96942751,0.0,114.75093685,0.53373384,23.848049288,0.0,0.0,11.676129367999998,0.96942751,11.322495302,0.0,0.484704415,1.929654516,0.96942751,10.453788472,6.012588415,7.021860492,0.0,2.134945535,0.53373384,9.475295571,1.06747373,0.0,2.997128246,5.469703879,10.026365099,1.444950101,0.484704415,8.005959716,20.366481425,0.036401422,0.062012344999999996,0.08975139000000001,0.07536021600000001,0.0,0.023056926,0.0,0.085128075,0.0,0.0,0.007378088,0.0,0.9290804320000001,0.0,0.0,0.103260324,0.5448801280000001,0.330093269,0.037725238,0.0,2.0,2.0,"[[3, 4], [2, 3]]"
123x123,0.0,2.889914001,7.472274141,2.889914001,1.168652664,20.484304003000002,1.444950101,1.06747373,0.53373384,1.168652664,7.020061459,1.98696408,1.601177567,0.0,1.9786839410000001,7.758621977,16.924365261,1.444950101,0.0,4.674662016,5.006017931,0.0,0.0,0.0,2.512423831,0.53373384,1.444950101,12.061508405,3.431914181,0.0,0.53373384,0.53373384,20.896471873000003,10.362188142,0.0,0.0,1.06747373,9.412457645,7.830176167,0.0,1.702386504,0.0,3.837334082,0.0,0.53373384,5.208395856,1.168652664,13.546896133,8.629655232,13.721951471,0.0,0.0,0.0,7.490562401999999,1.9786839410000001,0.53373384,0.0,11.577023919,0.0,10.271033416,0.53373384,13.268817917,6.642615209,7.3975816320000005,0.0,0.0,0.0,1.444950101,0.0,0.53373384,1.168652664,5.208395856,0.53373384,1.444950101,36.437219041,0.0,0.0,3.6893505839999996,17.958447402,2.134945535,0.0,0.0,7.011823616,0.0,0.53373384,0.0,1.06747373,8.484603579,0.53373384,1.168652664,0.53373384,9.901758281,0.53373384,17.067401242,4.370981177,1.9786839410000001,3.973933791,2.512423831,0.53373384,3.202328513,0.0,0.0,11.283410373999999,26.88046418,1.601177567,0.0,0.0,159.91016687,1.702386504,25.043554521999997,0.0,0.0,17.917907055,2.337336513,10.837790887,0.0,0.0,1.444950101,3.50598768,21.570058529,2.134945535,4.113631519,0.0,2.134945535,0.53373384,8.990591156,1.06747373,0.0,2.512423831,3.046127668,8.08756531,1.444950101,0.0,8.005959716,10.67347076,0.052354382000000005,0.020369104,0.10683948700000001,0.09950183700000001,0.0,0.001917426,0.0,0.0,0.0,0.0,0.007378088,0.0,0.647261109,0.0,0.0,0.118245268,0.6089434210000001,0.330835875,0.038785565,0.0,2.0,2.0,"[[3, 4], [2, 4]]"
124x124,0.0,0.96942751,31.707081861,0.96942751,1.6533570789999998,40.358031043,0.0,2.521617493,1.018438255,1.168652664,6.544538868,2.471668495,4.994165396,0.96942751,0.53373384,0.53373384,8.74840734,0.484704415,0.0,5.1593664310000005,5.006017931,1.454143763,0.0,0.484704415,1.06747373,0.53373384,0.0,10.616558304,4.410540291,0.0,0.53373384,1.50316135,24.307686505000003,18.620140341,0.0,0.0,2.521617493,9.89716206,7.830176167,0.0,2.187090919,0.0,3.837334082,0.0,0.53373384,5.208395856,1.168652664,13.546896133,10.568455020999998,12.27700137,0.0,0.0,0.0,3.1556167439999996,1.018438255,0.53373384,0.484704415,9.665654472,0.0,1.601177567,0.53373384,21.508775978,6.642615209,4.992372046000001,0.484704415,0.0,0.96942751,0.484704415,0.0,0.53373384,1.6533570789999998,6.177823366,0.53373384,0.96942751,68.9223827,0.0,0.0,3.6893505839999996,14.592929254000001,2.134945535,0.0,0.96942751,4.121909615,0.0,1.018438255,0.0,2.521617493,7.524357893,1.018438255,1.6533570789999998,0.53373384,4.121909615,0.53373384,17.56125093,6.309780966,1.018438255,3.973933791,3.9757027029999996,0.53373384,8.534169503,0.484704415,0.0,1.6533570789999998,26.88046418,1.601177567,0.96942751,0.0,132.69254554,1.702386504,14.963405595000001,0.0,0.0,11.186850995,3.306764023,8.432581301,0.0,0.484704415,0.484704415,4.47541519,21.588373501,6.012588415,5.576910391,0.0,2.134945535,0.53373384,5.1403499130000005,1.06747373,0.0,1.5521781449999998,4.024753778,8.581414998,0.0,0.484704415,8.005959716,20.366481425,0.052354382000000005,0.062012344999999996,0.11072216600000001,0.12747750800000002,0.0,0.024974352,0.0,0.085128075,0.0,0.0,0.007378088,0.0,1.001325163,0.0,0.0,0.014984944,0.5892896230000001,0.019994925,0.038785565,0.0,2.0,2.0,"[[3, 4], [3, 4]]"
125x125,0.891907941,2.889914001,21.987648411000002,30.971174944,0.630872464,31.198394096999998,1.444950101,15.562646701999999,1.261778128,0.0,16.551067149,8.931714161,0.630872464,1.008861521,1.444950101,11.530944027,37.97408154,2.967730506,0.630872464,1.781249819,5.94452751,3.4235466089999997,0.630872464,0.0,5.608227792,22.810307297999998,3.084684086,18.030369579,6.135765733,0.630872464,0.0,0.0,36.716106552999996,13.448696170999998,0.0,0.0,0.630872464,8.206785396999999,1.008861521,0.630872464,0.890601508,1.522780405,18.885581691,1.900769462,0.0,0.0,12.840781145,12.889522066999998,8.38925224,55.31752002100001,0.0,0.890601508,1.900769462,33.198278301,3.9765920269999997,0.891907941,11.481712542,60.862464904999996,0.891907941,16.214784601999998,14.968996939,10.261188887,6.347055095000001,18.557319469,8.474775327,8.693956655000001,1.900769462,2.075822565,0.630872464,0.0,1.008861521,31.447121625,0.630872464,2.9664240729999998,30.161615756,0.0,0.0,5.047139676,5.974679643,29.689982932,0.890601508,0.630872464,13.133647556,3.933586435,0.0,0.0,0.630872464,7.280652193,6.022148348,6.865230523,2.523546441,38.093130225,0.0,24.767725471,8.224481865,2.7067282290000003,8.878690357,6.652304445,4.30479626,3.306656608,1.261778128,9.55455631,23.679907602,0.0,2.412122283,0.890601508,0.0,215.793223872,3.15441617,40.006373323999995,2.784585324,2.901538904,19.370153852999998,0.0,40.42006872,0.0,0.891907941,1.444950101,0.0,24.642940974,15.070364927,10.10184447,1.521473972,0.890601508,0.890601508,41.339928244,6.022148348,0.0,2.3368580420000002,3.22619992,8.422874254000002,1.444950101,1.008861521,0.891907941,13.377124588,0.028736252,0.042394944999999996,0.070606594,0.125346449,0.002447184,0.0,0.0,0.0,0.014445687,0.0,0.297993421,0.0,0.380376892,0.0,0.121200327,0.120832416,1.2301431919999999,0.316408384,0.006992895,0.044863728,3.0,3.0,"[[0, 1, 2], [0, 1, 2]]"
126x126,0.891907941,0.96942751,46.222456131,29.050688453,1.115576879,51.072121136999996,0.0,17.016790465,1.746482543,0.0,16.075544558,9.416418576,4.023860293,1.978289031,0.0,4.3060558900000006,29.798123619000002,2.00748482,0.630872464,2.265954234,5.94452751,4.877690372,0.630872464,0.484704415,4.163277691,22.810307297999998,1.639733985,16.585419478,7.114391843,0.630872464,0.0,0.96942751,40.12732118499999,21.706648369999996,0.0,0.0,2.085016227,8.691489811999999,1.008861521,0.630872464,1.375305923,1.522780405,18.885581691,1.900769462,0.0,0.0,12.840781145,12.889522066999998,10.328052028999998,53.872569920000004,0.0,0.890601508,1.900769462,28.863332643,3.0163463409999998,0.891907941,11.966416957,58.95109545799999,0.891907941,7.544928753,14.968996939,18.501146948,6.347055095000001,16.152109882999998,8.959479742,8.693956655000001,2.870196972,1.115576879,0.630872464,0.0,1.493565936,32.416549135000004,0.630872464,2.490901482,62.646779415,0.0,0.0,5.047139676,2.609161495,29.689982932,0.890601508,1.600299974,10.243733554999999,3.933586435,0.484704415,0.0,2.085016227,6.320406507,6.506852763,7.3499349380000005,2.523546441,32.313281559,0.0,25.261575159,10.163281653999999,1.746482543,8.878690357,8.115583317,4.30479626,8.638497598,1.746482543,9.55455631,14.049854307,0.0,2.412122283,1.860029018,0.0,188.575602542,3.15441617,29.926224397,2.784585324,2.901538904,12.639097792999998,0.96942751,38.014859134000005,0.0,1.376612356,0.484704415,0.96942751,24.661255945999997,18.948007807,11.565123342,1.521473972,0.890601508,0.890601508,37.489687001,6.022148348,0.0,1.376612356,4.2048260299999995,8.916723942,0.0,1.493565936,0.891907941,23.070135252999997,0.028736252,0.08403818599999999,0.074489273,0.15332212,0.002447184,0.023056926,0.0,0.085128075,0.014445687,0.0,0.297993421,0.0,0.7344409460000001,0.0,0.121200327,0.017572092,1.2104893939999999,0.005567434,0.006992895,0.044863728,3.0,3.0,"[[0, 1, 2], [0, 1, 3]]"
127x127,0.891907941,0.0,21.987648411000002,28.081260943,1.799525128,33.535730609999995,0.0,15.562646701999999,1.261778128,1.168652664,15.106117048,8.931714161,0.630872464,1.008861521,0.0,4.3060558900000006,32.533985846,1.522780405,0.630872464,6.455911835,8.281864023,3.4235466089999997,0.630872464,0.0,4.163277691,22.810307297999998,1.639733985,16.585419478,4.6908156320000005,0.630872464,0.0,0.0,37.33218023199999,10.558782169999999,0.0,0.0,0.630872464,9.375438060999999,6.852073608,0.630872464,2.059254172,1.522780405,20.054234355,1.900769462,0.0,4.674662016,14.009433808999999,15.226858579999998,8.38925224,53.872569920000004,0.0,0.890601508,1.900769462,30.031985307,2.531641926,0.891907941,11.481712542,60.03350692699999,0.891907941,7.544928753,14.968996939,17.273171534,6.347055095000001,15.667405467999998,8.474775327,8.693956655000001,1.900769462,0.630872464,0.630872464,0.0,2.1775141849999997,36.121783641,0.630872464,1.521473972,32.222653335,0.0,0.0,6.215792339999999,2.808386649,29.689982932,0.890601508,0.630872464,10.243733554999999,3.933586435,0.0,0.0,0.630872464,7.004354756,6.022148348,8.033883187,2.523546441,32.313281559,0.0,25.660111883,9.393134529,1.261778128,8.878690357,5.2073543440000005,4.30479626,3.306656608,1.261778128,9.55455631,14.733802556,26.88046418,2.412122283,0.890601508,0.0,233.734832562,4.323068834,31.121729630999997,2.784585324,2.901538904,18.88087548,2.337336513,37.530154719,0.0,0.891907941,0.0,3.50598768,35.777526003,15.070364927,8.656894369,1.521473972,0.890601508,0.890601508,37.004982586,6.022148348,0.0,0.891907941,1.781249819,6.977924153000001,0.0,1.008861521,0.891907941,13.377124588,0.044689212,0.042394944999999996,0.09157737,0.177463741,0.002447184,0.001917426,0.0,0.0,0.014445687,0.0,0.297993421,0.0,0.452621623,0.0,0.121200327,0.032557036,1.274552687,0.006310039999999999,0.008053222,0.044863728,3.0,3.0,"[[0, 1, 2], [0, 1, 4]]"
128x128,0.891907941,3.8593415110000002,46.222456131,31.940602454,1.115576879,45.049972788999995,1.444950101,17.016790465,1.746482543,0.0,17.520494659,3.394270228,4.023860293,1.978289031,1.444950101,11.530944027,27.869205409,3.452434921,0.630872464,2.265954234,5.94452751,4.877690372,0.630872464,0.484704415,5.608227792,16.78815895,3.084684086,18.030369579,8.559341944,0.630872464,0.0,0.96942751,43.01723518599999,24.596562370999997,0.0,0.0,2.085016227,8.691489811999999,1.008861521,0.630872464,1.375305923,1.522780405,6.841905771,1.900769462,0.0,0.0,6.818632796999999,12.889522066999998,10.328052028999998,55.31752002100001,0.0,0.890601508,1.900769462,27.176129952999997,4.461296442,0.891907941,11.966416957,63.28604111599999,0.891907941,10.192636254,14.968996939,18.501146948,6.347055095000001,19.042023884,8.959479742,2.671808307,2.870196972,2.56052698,0.630872464,0.0,1.493565936,8.326587345,0.630872464,3.935851583,64.091729516,0.0,0.0,5.047139676,6.944107153,29.689982932,0.890601508,1.600299974,13.133647556,3.933586435,0.484704415,0.0,2.085016227,7.765356608,0.484704415,7.3499349380000005,2.523546441,38.093130225,0.0,26.70652526,10.163281653999999,3.1914326440000003,8.878690357,9.560533418,4.30479626,8.638497598,1.746482543,3.532407962,12.120936096999998,0.0,2.412122283,1.860029018,0.0,151.22801881200002,3.15441617,45.822850736999996,2.784585324,2.901538904,21.308953642,0.96942751,34.882624787000005,0.0,1.376612356,1.929654516,0.96942751,21.529021599,18.948007807,13.010073443,1.521473972,0.890601508,0.890601508,29.780956738999997,0.0,0.0,2.821562457,5.649776130999999,10.361674043,1.444950101,1.493565936,0.891907941,23.070135252999997,0.02634885,0.08403818599999999,0.06701993,0.149974863,0.0,0.023056926,0.0,0.085128075,0.014445687,0.0,0.297993421,0.0,1.021949135,0.0,0.121200327,0.120832416,1.085393579,0.31084095,0.006601794,0.044863728,3.0,3.0,"[[0, 1, 2], [0, 2, 3]]"
129x129,0.891907941,2.889914001,21.987648411000002,30.971174944,1.799525128,27.513582262,1.444950101,15.562646701999999,1.261778128,1.168652664,16.551067149,2.909565813,0.630872464,1.008861521,1.444950101,11.530944027,30.605067635999998,2.967730506,0.630872464,6.455911835,8.281864023,3.4235466089999997,0.630872464,0.0,5.608227792,16.78815895,3.084684086,18.030369579,6.135765733,0.630872464,0.0,0.0,40.22209423299999,13.448696170999998,0.0,0.0,0.630872464,9.375438060999999,6.852073608,0.630872464,2.059254172,1.522780405,8.010558435,1.900769462,0.0,4.674662016,7.987285460999999,15.226858579999998,8.38925224,55.31752002100001,0.0,0.890601508,1.900769462,28.344782616999996,3.9765920269999997,0.891907941,11.481712542,64.368452585,0.891907941,10.192636254,14.968996939,17.273171534,6.347055095000001,18.557319469,8.474775327,2.671808307,1.900769462,2.075822565,0.630872464,0.0,2.1775141849999997,12.031821851,0.630872464,2.9664240729999998,33.667603436,0.0,0.0,6.215792339999999,7.143332307,29.689982932,0.890601508,0.630872464,13.133647556,3.933586435,0.0,0.0,0.630872464,8.449304857,0.0,8.033883187,2.523546441,38.093130225,0.0,27.105061984,9.393134529,2.7067282290000003,8.878690357,6.652304445,4.30479626,3.306656608,1.261778128,3.532407962,12.804884345999998,26.88046418,2.412122283,0.890601508,0.0,196.387248832,4.323068834,47.01835597099999,2.784585324,2.901538904,27.550731328999998,2.337336513,34.397920372,0.0,0.891907941,1.444950101,3.50598768,32.645291656,15.070364927,10.10184447,1.521473972,0.890601508,0.890601508,29.296252323999997,0.0,0.0,2.3368580420000002,3.22619992,8.422874254000002,1.444950101,1.008861521,0.891907941,13.377124588,0.042301809999999995,0.042394944999999996,0.084108027,0.17411648400000002,0.0,0.001917426,0.0,0.0,0.014445687,0.0,0.297993421,0.0,0.7401298119999999,0.0,0.121200327,0.13581736,1.149456872,0.311583556,0.007662121,0.044863728,3.0,3.0,"[[0, 1, 2], [0, 2, 4]]"
130x130,0.891907941,0.96942751,46.222456131,29.050688453,2.284229543,47.38730930199999,0.0,17.016790465,1.746482543,1.168652664,16.075544558,3.394270228,4.023860293,1.978289031,0.0,4.3060558900000006,22.429109715,2.00748482,0.630872464,6.94061625,8.281864023,4.877690372,0.630872464,0.484704415,4.163277691,16.78815895,1.639733985,16.585419478,7.114391843,0.630872464,0.0,0.96942751,43.63330886499999,21.706648369999996,0.0,0.0,2.085016227,9.860142475999998,6.852073608,0.630872464,2.5439585869999997,1.522780405,8.010558435,1.900769462,0.0,4.674662016,7.987285460999999,15.226858579999998,10.328052028999998,53.872569920000004,0.0,0.890601508,1.900769462,24.009836958999998,3.0163463409999998,0.891907941,11.966416957,62.45708313799999,0.891907941,1.522780405,14.968996939,25.513129595,6.347055095000001,16.152109882999998,8.959479742,2.671808307,2.870196972,1.115576879,0.630872464,0.0,2.6622186,13.001249361,0.630872464,2.490901482,66.152767095,0.0,0.0,6.215792339999999,3.777814159,29.689982932,0.890601508,1.600299974,10.243733554999999,3.933586435,0.484704415,0.0,2.085016227,7.489059171,0.484704415,8.518587602,2.523546441,32.313281559,0.0,27.598911672,11.331934317999998,1.746482543,8.878690357,8.115583317,4.30479626,8.638497598,1.746482543,3.532407962,3.174831051,26.88046418,2.412122283,1.860029018,0.0,169.16962750199997,4.323068834,36.938207043999995,2.784585324,2.901538904,20.819675268999998,3.306764023,31.992710786,0.0,1.376612356,0.484704415,4.47541519,32.663606628,18.948007807,11.565123342,1.521473972,0.890601508,0.890601508,25.446011080999998,0.0,0.0,1.376612356,4.2048260299999995,8.916723942,0.0,1.493565936,0.891907941,23.070135252999997,0.042301809999999995,0.08403818599999999,0.087990706,0.202092155,0.0,0.024974352,0.0,0.085128075,0.014445687,0.0,0.297993421,0.0,1.0941938660000001,0.0,0.121200327,0.032557036,1.129803074,0.000742606,0.007662121,0.044863728,3.0,3.0,"[[0, 1, 2], [0, 3, 4]]"
131x131,0.0,3.8593415110000002,31.060273871,31.940602454,1.115576879,32.343351577,1.444950101,15.232977840999999,1.746482543,0.0,15.736682035000001,8.524510634999999,4.023860293,1.978289031,1.444950101,10.639036086,38.129068705,2.56052698,0.630872464,2.265954234,5.94452751,3.0938777479999997,0.630872464,0.484704415,5.608227792,22.810307297999998,3.084684086,18.030369579,7.667434003,0.630872464,0.0,0.96942751,33.20538548,15.677514186,0.0,0.0,2.085016227,7.799581871,1.008861521,0.630872464,1.375305923,0.630872464,18.885581691,1.008861521,0.0,0.0,12.840781145,11.997614125999998,8.544239404999999,55.31752002100001,0.0,0.890601508,1.008861521,33.198278301,3.569388501,0.0,11.966416957,56.150620718999996,0.0,15.322876660999999,14.968996939,14.933526589,5.4551471540000005,19.042023884,8.959479742,8.693956655000001,1.978289031,2.56052698,0.630872464,0.0,1.493565936,30.632736511,0.630872464,3.935851583,44.471191135999995,0.0,0.0,5.047139676,6.944107153,14.527800671999998,0.890601508,1.600299974,12.241739615,3.933586435,0.484704415,0.0,2.085016227,5.981543984,6.506852763,7.3499349380000005,2.523546441,34.525509866,0.0,24.030741115999998,8.37946903,3.1914326440000003,7.094877733000001,5.992913059,4.30479626,5.962713454,1.746482543,9.55455631,24.164612017,0.0,2.412122283,1.860029018,0.0,207.21878468199998,3.15441617,37.795506575,1.892677383,2.901538904,12.389905456999998,0.96942751,37.337152776,0.0,0.484704415,1.929654516,0.96942751,18.632121762,14.488418179,5.874653046,1.521473972,0.890601508,0.890601508,40.040820035,6.022148348,0.0,1.929654516,5.649776130999999,9.469766102000001,1.444950101,1.493565936,0.0,10.583612172999999,0.002387402,0.078458943,0.061835081,0.126070502,0.002447184,0.023056926,0.0,0.085128075,0.014445687,0.0,0.28375537,0.0,0.9925400420000001,0.0,0.121200327,0.120069601,1.0241473239999999,0.316408384,0.006992895,0.044863728,3.0,3.0,"[[0, 1, 2], [1, 2, 3]]"
132x132,0.0,2.889914001,6.8254661510000005,30.971174944,1.799525128,14.806961050000002,1.444950101,13.778834078,1.261778128,1.168652664,14.767254525,8.03980622,0.630872464,1.008861521,1.444950101,10.639036086,40.864930932,2.075822565,0.630872464,6.455911835,8.281864023,1.639733985,0.630872464,0.0,5.608227792,22.810307297999998,3.084684086,18.030369579,5.243857792,0.630872464,0.0,0.0,30.410244527,4.5296479860000005,0.0,0.0,0.630872464,8.48353012,6.852073608,0.630872464,2.059254172,0.630872464,20.054234355,1.008861521,0.0,4.674662016,14.009433808999999,14.334950638999999,6.605439616,55.31752002100001,0.0,0.890601508,1.008861521,34.366930965,3.084684086,0.0,11.481712542,57.233032187999996,0.0,15.322876660999999,14.968996939,13.705551175,5.4551471540000005,18.557319469,8.474775327,8.693956655000001,1.008861521,2.075822565,0.630872464,0.0,2.1775141849999997,34.337971017,0.630872464,2.9664240729999998,14.047065056,0.0,0.0,6.215792339999999,7.143332307,14.527800671999998,0.890601508,0.630872464,12.241739615,3.933586435,0.0,0.0,0.630872464,6.665492232999999,6.022148348,8.033883187,2.523546441,34.525509866,0.0,24.429277839999997,7.609321905,2.7067282290000003,7.094877733000001,3.084684086,4.30479626,0.630872464,1.261778128,9.55455631,24.848560266,26.88046418,2.412122283,0.890601508,0.0,252.37801470199997,4.323068834,38.991011809,1.892677383,2.901538904,18.631683144,2.337336513,36.852448361,0.0,0.0,1.444950101,3.50598768,29.748391819,10.610775299,2.9664240729999998,1.521473972,0.890601508,0.890601508,39.55611562,6.022148348,0.0,1.444950101,3.22619992,7.530966313,1.444950101,1.008861521,0.0,0.890601508,0.018340362,0.036815702,0.07892317800000001,0.150212123,0.002447184,0.001917426,0.0,0.0,0.014445687,0.0,0.28375537,0.0,0.710720719,0.0,0.121200327,0.135054545,1.0882106169999999,0.31715098999999997,0.008053222,0.044863728,3.0,3.0,"[[0, 1, 2], [1, 2, 4]]"
133x133,0.0,0.96942751,31.060273871,29.050688453,2.284229543,34.68068809,0.0,15.232977840999999,1.746482543,1.168652664,14.291731934000001,8.524510634999999,4.023860293,1.978289031,0.0,3.414147949,32.688973011,1.115576879,0.630872464,6.94061625,8.281864023,3.0938777479999997,0.630872464,0.484704415,4.163277691,22.810307297999998,1.639733985,16.585419478,6.2224839020000005,0.630872464,0.0,0.96942751,33.821459159,12.787600184999999,0.0,0.0,2.085016227,8.968234535,6.852073608,0.630872464,2.5439585869999997,0.630872464,20.054234355,1.008861521,0.0,4.674662016,14.009433808999999,14.334950638999999,8.544239404999999,53.872569920000004,0.0,0.890601508,1.008861521,30.031985307,2.1244384,0.0,11.966416957,55.32166274099999,0.0,6.653020812,14.968996939,21.945509236,5.4551471540000005,16.152109882999998,8.959479742,8.693956655000001,1.978289031,1.115576879,0.630872464,0.0,2.6622186,35.307398527000004,0.630872464,2.490901482,46.532228714999995,0.0,0.0,6.215792339999999,3.777814159,14.527800671999998,0.890601508,1.600299974,9.351825614,3.933586435,0.484704415,0.0,2.085016227,5.705246547,6.506852763,8.518587602,2.523546441,28.7456612,0.0,24.923127528,9.548121693999999,1.746482543,7.094877733000001,4.547962957999999,4.30479626,5.962713454,1.746482543,9.55455631,15.218506971,26.88046418,2.412122283,1.860029018,0.0,225.160393372,4.323068834,28.910862882,1.892677383,2.901538904,11.900627084,3.306764023,34.447238775,0.0,0.484704415,0.484704415,4.47541519,29.766706790999997,14.488418179,4.429702945,1.521473972,0.890601508,0.890601508,35.705874377,6.022148348,0.0,0.484704415,4.2048260299999995,8.024816001000001,0.0,1.493565936,0.0,10.583612172999999,0.018340362,0.078458943,0.08280585700000001,0.178187794,0.002447184,0.024974352,0.0,0.085128075,0.014445687,0.0,0.28375537,0.0,1.064784773,0.0,0.121200327,0.031794221,1.0685568189999999,0.006310039999999999,0.008053222,0.044863728,3.0,3.0,"[[0, 1, 2], [1, 3, 4]]"
134x134,0.0,3.8593415110000002,31.060273871,31.940602454,2.284229543,28.658539742,1.444950101,15.232977840999999,1.746482543,1.168652664,15.736682035000001,2.502362287,4.023860293,1.978289031,1.444950101,10.639036086,30.760054801,2.56052698,0.630872464,6.94061625,8.281864023,3.0938777479999997,0.630872464,0.484704415,5.608227792,16.78815895,3.084684086,18.030369579,7.667434003,0.630872464,0.0,0.96942751,36.711373159999994,15.677514186,0.0,0.0,2.085016227,8.968234535,6.852073608,0.630872464,2.5439585869999997,0.630872464,8.010558435,1.008861521,0.0,4.674662016,7.987285460999999,14.334950638999999,8.544239404999999,55.31752002100001,0.0,0.890601508,1.008861521,28.344782616999996,3.569388501,0.0,11.966416957,59.65660839899999,0.0,9.300728312999999,14.968996939,21.945509236,5.4551471540000005,19.042023884,8.959479742,2.671808307,1.978289031,2.56052698,0.630872464,0.0,2.6622186,11.217436737,0.630872464,3.935851583,47.97717881599999,0.0,0.0,6.215792339999999,8.112759817,14.527800671999998,0.890601508,1.600299974,12.241739615,3.933586435,0.484704415,0.0,2.085016227,7.150196648,0.484704415,8.518587602,2.523546441,34.525509866,0.0,26.368077629,9.548121693999999,3.1914326440000003,7.094877733000001,5.992913059,4.30479626,5.962713454,1.746482543,3.532407962,13.289588760999997,26.88046418,2.412122283,1.860029018,0.0,187.812809642,4.323068834,44.807489222,1.892677383,2.901538904,20.570482932999997,3.306764023,31.315004428,0.0,0.484704415,1.929654516,4.47541519,26.634472443999996,14.488418179,5.874653046,1.521473972,0.890601508,0.890601508,27.997144114999998,0.0,0.0,1.929654516,5.649776130999999,9.469766102000001,1.444950101,1.493565936,0.0,10.583612172999999,0.01595296,0.078458943,0.07533651400000001,0.17484053700000002,0.0,0.024974352,0.0,0.085128075,0.014445687,0.0,0.28375537,0.0,1.3522929620000002,0.0,0.121200327,0.135054545,0.943461004,0.311583556,0.007662121,0.044863728,3.0,3.0,"[[0, 1, 2], [2, 3, 4]]"
135x135,0.891907941,2.889914001,20.206398592,22.065136707,0.630872464,29.417144278000002,1.444950101,12.000176930999999,1.261778128,0.0,11.618962703,10.918678241,0.630872464,1.008861521,1.444950101,10.640342519,34.411611769,2.967730506,0.630872464,0.0,4.163277691,3.4235466089999997,0.630872464,0.0,5.608227792,21.919705790000002,3.084684086,18.853309506,6.341479994,0.630872464,0.0,0.0,37.333418879,13.448696170999998,0.0,0.0,0.630872464,12.180719188,2.995825601,0.630872464,0.0,1.522780405,15.32311192,1.900769462,0.0,0.0,11.950179637,11.108272247999999,9.006564566,55.31752002100001,0.0,0.0,1.900769462,34.294640873,3.9765920269999997,0.891907941,11.481712542,37.707856565,0.891907941,16.214784601999998,5.172074042,11.357551459,6.758519115,19.859444953,5.8029670200000005,6.022148348,1.900769462,2.075822565,0.630872464,0.0,1.008861521,28.775313318000002,0.630872464,2.075822565,28.380365936999997,0.0,0.0,7.0341037559999995,17.895794883,27.018174625,0.0,0.630872464,13.339361817,1.261778128,0.0,0.0,0.630872464,5.499402374,6.022148348,0.630872464,2.523546441,26.721894255,0.0,22.91867946,7.333880357000001,2.7067282290000003,9.290154377,6.652304445,2.523546441,3.306656608,1.261778128,9.55455631,22.789306093999997,0.0,0.630872464,0.0,0.0,227.714339112,3.15441617,32.881436365,2.784585324,2.901538904,17.588904034,0.0,40.352441822,0.0,0.891907941,1.444950101,0.0,26.629905053999998,13.289115108,9.211242962,0.630872464,0.0,0.0,32.639974244,6.022148348,0.0,2.3368580420000002,1.444950101,8.834338274,1.444950101,1.008861521,0.891907941,12.48652308,0.06513767399999999,0.029582335,0.093255593,0.10289882,0.002447184,0.0,0.0,0.0,0.014445687,0.0,0.20645929600000001,0.0,0.380376892,0.0,0.0727907,0.120832416,1.250477412,0.330996334,0.023637827000000004,0.036583618,3.0,3.0,"[[0, 1, 3], [0, 1, 2]]"
136x136,0.891907941,0.96942751,44.441206312,20.144650216,1.115576879,49.290871318,0.0,13.454320693999998,1.746482543,0.0,11.143440112,11.403382656,4.023860293,1.978289031,0.0,3.415454382,26.235653848,2.00748482,0.630872464,0.484704415,4.163277691,4.877690372,0.630872464,0.484704415,4.163277691,21.919705790000002,1.639733985,17.408359405,7.320106104000001,0.630872464,0.0,0.96942751,40.744633510999996,21.706648369999996,0.0,0.0,2.085016227,12.665423602999999,2.995825601,0.630872464,0.484704415,1.522780405,15.32311192,1.900769462,0.0,0.0,11.950179637,11.108272247999999,10.945364354999999,53.872569920000004,0.0,0.0,1.900769462,29.959695214999996,3.0163463409999998,0.891907941,11.966416957,35.796487117999995,0.891907941,7.544928753,5.172074042,19.59750952,6.758519115,17.454235367,6.287671435000001,6.022148348,2.870196972,1.115576879,0.630872464,0.0,1.493565936,29.744740828,0.630872464,1.600299974,60.865529595999995,0.0,0.0,7.0341037559999995,14.530276735000001,27.018174625,0.0,1.600299974,10.449447816,1.261778128,0.484704415,0.0,2.085016227,4.539156688,6.506852763,1.115576879,2.523546441,20.942045589,0.0,23.412529148,9.272680146,1.746482543,9.290154377,8.115583317,2.523546441,8.638497598,1.746482543,9.55455631,13.159252798999999,0.0,0.630872464,0.96942751,0.0,200.49671778200002,3.15441617,22.801287438000003,2.784585324,2.901538904,10.857847973999998,0.96942751,37.947232236000005,0.0,1.376612356,0.484704415,0.96942751,26.648220025999997,17.166757988,10.674521834,0.630872464,0.0,0.0,28.789733001,6.022148348,0.0,1.376612356,2.423576211,9.328187962000001,0.0,1.493565936,0.891907941,22.179533745,0.06513767399999999,0.071225576,0.097138272,0.130874491,0.002447184,0.023056926,0.0,0.085128075,0.014445687,0.0,0.20645929600000001,0.0,0.7344409460000001,0.0,0.0727907,0.017572092,1.230823614,0.020155384,0.023637827000000004,0.036583618,3.0,3.0,"[[0, 1, 3], [0, 1, 3]]"
137x137,0.891907941,0.0,20.206398592,19.175222706,1.799525128,31.754480791000002,0.0,12.000176930999999,1.261778128,1.168652664,10.174012602,10.918678241,0.630872464,1.008861521,0.0,3.415454382,28.971516074999997,1.522780405,0.630872464,4.674662016,6.500614204,3.4235466089999997,0.630872464,0.0,4.163277691,21.919705790000002,1.639733985,17.408359405,4.896529893,0.630872464,0.0,0.0,37.949492557999996,10.558782169999999,0.0,0.0,0.630872464,13.349371851999999,8.839037688000001,0.630872464,1.168652664,1.522780405,16.491764584000002,1.900769462,0.0,4.674662016,13.118832301,13.445608760999999,9.006564566,53.872569920000004,0.0,0.0,1.900769462,31.128347878999996,2.531641926,0.891907941,11.481712542,36.878898586999995,0.891907941,7.544928753,5.172074042,18.369534106,6.758519115,16.969530952,5.8029670200000005,6.022148348,1.900769462,0.630872464,0.630872464,0.0,2.1775141849999997,33.449975334,0.630872464,0.630872464,30.441403515999998,0.0,0.0,8.20275642,14.729501889,27.018174625,0.0,0.630872464,10.449447816,1.261778128,0.0,0.0,0.630872464,5.223104937,6.022148348,1.799525128,2.523546441,20.942045589,0.0,23.811065872,8.502533021000001,1.261778128,9.290154377,5.2073543440000005,2.523546441,3.306656608,1.261778128,9.55455631,13.843201048,26.88046418,0.630872464,0.0,0.0,245.65594780200001,4.323068834,23.996792672,2.784585324,2.901538904,17.099625660999997,2.337336513,37.462527821,0.0,0.891907941,0.0,3.50598768,37.764490083,13.289115108,7.766292861,0.630872464,0.0,0.0,28.305028586,6.022148348,0.0,0.891907941,0.0,7.389388173,0.0,1.008861521,0.891907941,12.48652308,0.081090634,0.029582335,0.11422636900000001,0.155016112,0.002447184,0.001917426,0.0,0.0,0.014445687,0.0,0.20645929600000001,0.0,0.452621623,0.0,0.0727907,0.032557036,1.294886907,0.020897989999999998,0.024698154000000003,0.036583618,3.0,3.0,"[[0, 1, 3], [0, 1, 4]]"
138x138,0.891907941,3.8593415110000002,44.441206312,23.034564217,1.115576879,43.26872297,1.444950101,13.454320693999998,1.746482543,0.0,12.588390213,5.381234308000001,4.023860293,1.978289031,1.444950101,10.640342519,24.306735638,3.452434921,0.630872464,0.484704415,4.163277691,4.877690372,0.630872464,0.484704415,5.608227792,15.897557442,3.084684086,18.853309506,8.765056205,0.630872464,0.0,0.96942751,43.634547512,24.596562370999997,0.0,0.0,2.085016227,12.665423602999999,2.995825601,0.630872464,0.484704415,1.522780405,3.279436,1.900769462,0.0,0.0,5.928031289,11.108272247999999,10.945364354999999,55.31752002100001,0.0,0.0,1.900769462,28.272492524999997,4.461296442,0.891907941,11.966416957,40.131432776,0.891907941,10.192636254,5.172074042,19.59750952,6.758519115,20.344149368,6.287671435000001,0.0,2.870196972,2.56052698,0.630872464,0.0,1.493565936,5.654779038,0.630872464,3.0452500750000002,62.31047969699999,0.0,0.0,7.0341037559999995,18.865222393,27.018174625,0.0,1.600299974,13.339361817,1.261778128,0.484704415,0.0,2.085016227,5.984106789,0.484704415,1.115576879,2.523546441,26.721894255,0.0,24.857479249,9.272680146,3.1914326440000003,9.290154377,9.560533418,2.523546441,8.638497598,1.746482543,3.532407962,11.230334588999998,0.0,0.630872464,0.96942751,0.0,163.149134052,3.15441617,38.697913778,2.784585324,2.901538904,19.527703823,0.96942751,34.814997889000004,0.0,1.376612356,1.929654516,0.96942751,23.515985679,17.166757988,12.119471935,0.630872464,0.0,0.0,21.081002739,0.0,0.0,2.821562457,3.868526312,10.773138063000001,1.444950101,1.493565936,0.891907941,22.179533745,0.062750272,0.071225576,0.08966892900000001,0.127527234,0.0,0.023056926,0.0,0.085128075,0.014445687,0.0,0.20645929600000001,0.0,1.021949135,0.0,0.0727907,0.120832416,1.105727799,0.3254289,0.023246726000000002,0.036583618,3.0,3.0,"[[0, 1, 3], [0, 2, 3]]"
139x139,0.891907941,2.889914001,20.206398592,22.065136707,1.799525128,25.732332443,1.444950101,12.000176930999999,1.261778128,1.168652664,11.618962703,4.896529893,0.630872464,1.008861521,1.444950101,10.640342519,27.042597864999998,2.967730506,0.630872464,4.674662016,6.500614204,3.4235466089999997,0.630872464,0.0,5.608227792,15.897557442,3.084684086,18.853309506,6.341479994,0.630872464,0.0,0.0,40.839406559,13.448696170999998,0.0,0.0,0.630872464,13.349371851999999,8.839037688000001,0.630872464,1.168652664,1.522780405,4.448088664,1.900769462,0.0,4.674662016,7.096683952999999,13.445608760999999,9.006564566,55.31752002100001,0.0,0.0,1.900769462,29.441145188999997,3.9765920269999997,0.891907941,11.481712542,41.213844245,0.891907941,10.192636254,5.172074042,18.369534106,6.758519115,19.859444953,5.8029670200000005,0.0,1.900769462,2.075822565,0.630872464,0.0,2.1775141849999997,9.360013544000001,0.630872464,2.075822565,31.886353616999997,0.0,0.0,8.20275642,19.064447547,27.018174625,0.0,0.630872464,13.339361817,1.261778128,0.0,0.0,0.630872464,6.668055037999999,0.0,1.799525128,2.523546441,26.721894255,0.0,25.256015973,8.502533021000001,2.7067282290000003,9.290154377,6.652304445,2.523546441,3.306656608,1.261778128,3.532407962,11.914282837999998,26.88046418,0.630872464,0.0,0.0,208.308364072,4.323068834,39.893419011999995,2.784585324,2.901538904,25.76948151,2.337336513,34.330293474,0.0,0.891907941,1.444950101,3.50598768,34.632255736,13.289115108,9.211242962,0.630872464,0.0,0.0,20.596298324,0.0,0.0,2.3368580420000002,1.444950101,8.834338274,1.444950101,1.008861521,0.891907941,12.48652308,0.078703232,0.029582335,0.106757026,0.151668855,0.0,0.001917426,0.0,0.0,0.014445687,0.0,0.20645929600000001,0.0,0.7401298119999999,0.0,0.0727907,0.13581736,1.169791092,0.326171506,0.024307053000000002,0.036583618,3.0,3.0,"[[0, 1, 3], [0, 2, 4]]"
140x140,0.891907941,0.96942751,44.441206312,20.144650216,2.284229543,45.606059482999996,0.0,13.454320693999998,1.746482543,1.168652664,11.143440112,5.381234308000001,4.023860293,1.978289031,0.0,3.415454382,18.866639944,2.00748482,0.630872464,5.1593664310000005,6.500614204,4.877690372,0.630872464,0.484704415,4.163277691,15.897557442,1.639733985,17.408359405,7.320106104000001,0.630872464,0.0,0.96942751,44.25062119099999,21.706648369999996,0.0,0.0,2.085016227,13.834076266999999,8.839037688000001,0.630872464,1.6533570789999998,1.522780405,4.448088664,1.900769462,0.0,4.674662016,7.096683952999999,13.445608760999999,10.945364354999999,53.872569920000004,0.0,0.0,1.900769462,25.106199530999998,3.0163463409999998,0.891907941,11.966416957,39.30247479799999,0.891907941,1.522780405,5.172074042,26.609492167,6.758519115,17.454235367,6.287671435000001,0.0,2.870196972,1.115576879,0.630872464,0.0,2.6622186,10.329441054,0.630872464,1.600299974,64.37151727599999,0.0,0.0,8.20275642,15.698929399,27.018174625,0.0,1.600299974,10.449447816,1.261778128,0.484704415,0.0,2.085016227,5.707809352,0.484704415,2.284229543,2.523546441,20.942045589,0.0,25.749865661,10.44133281,1.746482543,9.290154377,8.115583317,2.523546441,8.638497598,1.746482543,3.532407962,2.284229543,26.88046418,0.630872464,0.96942751,0.0,181.09074274199997,4.323068834,29.813270085000003,2.784585324,2.901538904,19.03842545,3.306764023,31.925083888,0.0,1.376612356,0.484704415,4.47541519,34.650570708,17.166757988,10.674521834,0.630872464,0.0,0.0,16.746057081,0.0,0.0,1.376612356,2.423576211,9.328187962000001,0.0,1.493565936,0.891907941,22.179533745,0.078703232,0.071225576,0.110639705,0.17964452600000003,0.0,0.024974352,0.0,0.085128075,0.014445687,0.0,0.20645929600000001,0.0,1.0941938660000001,0.0,0.0727907,0.032557036,1.150137294,0.015330556,0.024307053000000002,0.036583618,3.0,3.0,"[[0, 1, 3], [0, 3, 4]]"
141x141,0.0,3.8593415110000002,29.279024052,23.034564217,1.115576879,30.562101757999997,1.444950101,11.670508069999999,1.746482543,0.0,10.804577589,10.511474714999999,4.023860293,1.978289031,1.444950101,9.748434578,34.566598934,2.56052698,0.630872464,0.484704415,4.163277691,3.0938777479999997,0.630872464,0.484704415,5.608227792,21.919705790000002,3.084684086,18.853309506,7.873148263999999,0.630872464,0.0,0.96942751,33.822697806,15.677514186,0.0,0.0,2.085016227,11.773515662,2.995825601,0.630872464,0.484704415,0.630872464,15.32311192,1.008861521,0.0,0.0,11.950179637,10.216364307,9.161551731,55.31752002100001,0.0,0.0,1.008861521,34.294640873,3.569388501,0.0,11.966416957,32.996012379,0.0,15.322876660999999,5.172074042,16.029889161,5.866611174,20.344149368,6.287671435000001,6.022148348,1.978289031,2.56052698,0.630872464,0.0,1.493565936,27.960928204,0.630872464,3.0452500750000002,42.689941317,0.0,0.0,7.0341037559999995,18.865222393,11.855992364999999,0.0,1.600299974,12.447453876,1.261778128,0.484704415,0.0,2.085016227,4.200294165000001,6.506852763,1.115576879,2.523546441,23.154273896,0.0,22.181695105,7.4888675220000005,3.1914326440000003,7.506341753,5.992913059,2.523546441,5.962713454,1.746482543,9.55455631,23.274010508999996,0.0,0.630872464,0.96942751,0.0,219.13989992199998,3.15441617,30.670569616,1.892677383,2.901538904,10.608655637999998,0.96942751,37.269525878,0.0,0.484704415,1.929654516,0.96942751,20.619085842,12.70716836,4.984051538,0.630872464,0.0,0.0,31.340866034999998,6.022148348,0.0,1.929654516,3.868526312,9.881230122,1.444950101,1.493565936,0.0,9.693010665,0.038788824,0.065646333,0.08448408000000002,0.103622873,0.002447184,0.023056926,0.0,0.085128075,0.014445687,0.0,0.192221245,0.0,0.9925400420000001,0.0,0.0727907,0.120069601,1.044481544,0.330996334,0.023637827000000004,0.036583618,3.0,3.0,"[[0, 1, 3], [1, 2, 3]]"
142x142,0.0,2.889914001,5.044216332,22.065136707,1.799525128,13.025711231,1.444950101,10.216364307,1.261778128,1.168652664,9.835150079,10.026770299999999,0.630872464,1.008861521,1.444950101,9.748434578,37.302461161,2.075822565,0.630872464,4.674662016,6.500614204,1.639733985,0.630872464,0.0,5.608227792,21.919705790000002,3.084684086,18.853309506,5.449572053,0.630872464,0.0,0.0,31.027556853,4.5296479860000005,0.0,0.0,0.630872464,12.457463911,8.839037688000001,0.630872464,1.168652664,0.630872464,16.491764584000002,1.008861521,0.0,4.674662016,13.118832301,12.55370082,7.222751942,55.31752002100001,0.0,0.0,1.008861521,35.463293537,3.084684086,0.0,11.481712542,34.078423848,0.0,15.322876660999999,5.172074042,14.801913747,5.866611174,19.859444953,5.8029670200000005,6.022148348,1.008861521,2.075822565,0.630872464,0.0,2.1775141849999997,31.66616271,0.630872464,2.075822565,12.265815237,0.0,0.0,8.20275642,19.064447547,11.855992364999999,0.0,0.630872464,12.447453876,1.261778128,0.0,0.0,0.630872464,4.884242414,6.022148348,1.799525128,2.523546441,23.154273896,0.0,22.580231829,6.718720397,2.7067282290000003,7.506341753,3.084684086,2.523546441,0.630872464,1.261778128,9.55455631,23.957958757999997,26.88046418,0.630872464,0.0,0.0,264.299129942,4.323068834,31.86607485,1.892677383,2.901538904,16.850433324999997,2.337336513,36.784821463,0.0,0.0,1.444950101,3.50598768,31.735355898999998,8.829525480000001,2.075822565,0.630872464,0.0,0.0,30.856161619999998,6.022148348,0.0,1.444950101,1.444950101,7.942430333,1.444950101,1.008861521,0.0,0.0,0.054741784,0.024003092,0.10157217700000001,0.127764494,0.002447184,0.001917426,0.0,0.0,0.014445687,0.0,0.192221245,0.0,0.710720719,0.0,0.0727907,0.135054545,1.108544837,0.33173894,0.024698154000000003,0.036583618,3.0,3.0,"[[0, 1, 3], [1, 2, 4]]"
143x143,0.0,0.96942751,29.279024052,20.144650216,2.284229543,32.899438270999994,0.0,11.670508069999999,1.746482543,1.168652664,9.359627488000001,10.511474714999999,4.023860293,1.978289031,0.0,2.523546441,29.126503239999998,1.115576879,0.630872464,5.1593664310000005,6.500614204,3.0938777479999997,0.630872464,0.484704415,4.163277691,21.919705790000002,1.639733985,17.408359405,6.428198162999999,0.630872464,0.0,0.96942751,34.438771485,12.787600184999999,0.0,0.0,2.085016227,12.942168326,8.839037688000001,0.630872464,1.6533570789999998,0.630872464,16.491764584000002,1.008861521,0.0,4.674662016,13.118832301,12.55370082,9.161551731,53.872569920000004,0.0,0.0,1.008861521,31.128347878999996,2.1244384,0.0,11.966416957,32.167054401,0.0,6.653020812,5.172074042,23.041871808,5.866611174,17.454235367,6.287671435000001,6.022148348,1.978289031,1.115576879,0.630872464,0.0,2.6622186,32.63559022,0.630872464,1.600299974,44.75097889599999,0.0,0.0,8.20275642,15.698929399,11.855992364999999,0.0,1.600299974,9.557539875,1.261778128,0.484704415,0.0,2.085016227,3.9239967279999997,6.506852763,2.284229543,2.523546441,17.37442523,0.0,23.074081517,8.657520186000001,1.746482543,7.506341753,4.547962957999999,2.523546441,5.962713454,1.746482543,9.55455631,14.327905462999999,26.88046418,0.630872464,0.96942751,0.0,237.081508612,4.323068834,21.785925923,1.892677383,2.901538904,10.119377265,3.306764023,34.379611877,0.0,0.484704415,0.484704415,4.47541519,31.753670870999997,12.70716836,3.539101437,0.630872464,0.0,0.0,27.005920377,6.022148348,0.0,0.484704415,2.423576211,8.436280021,0.0,1.493565936,0.0,9.693010665,0.054741784,0.065646333,0.10545485600000001,0.155740165,0.002447184,0.024974352,0.0,0.085128075,0.014445687,0.0,0.192221245,0.0,1.064784773,0.0,0.0727907,0.031794221,1.088891039,0.020897989999999998,0.024698154000000003,0.036583618,3.0,3.0,"[[0, 1, 3], [1, 3, 4]]"
144x144,0.0,3.8593415110000002,29.279024052,23.034564217,2.284229543,26.877289923,1.444950101,11.670508069999999,1.746482543,1.168652664,10.804577589,4.489326367,4.023860293,1.978289031,1.444950101,9.748434578,27.19758503,2.56052698,0.630872464,5.1593664310000005,6.500614204,3.0938777479999997,0.630872464,0.484704415,5.608227792,15.897557442,3.084684086,18.853309506,7.873148263999999,0.630872464,0.0,0.96942751,37.328685486,15.677514186,0.0,0.0,2.085016227,12.942168326,8.839037688000001,0.630872464,1.6533570789999998,0.630872464,4.448088664,1.008861521,0.0,4.674662016,7.096683952999999,12.55370082,9.161551731,55.31752002100001,0.0,0.0,1.008861521,29.441145188999997,3.569388501,0.0,11.966416957,36.502000059,0.0,9.300728312999999,5.172074042,23.041871808,5.866611174,20.344149368,6.287671435000001,0.0,1.978289031,2.56052698,0.630872464,0.0,2.6622186,8.54562843,0.630872464,3.0452500750000002,46.195928996999996,0.0,0.0,8.20275642,20.033875057,11.855992364999999,0.0,1.600299974,12.447453876,1.261778128,0.484704415,0.0,2.085016227,5.368946829,0.484704415,2.284229543,2.523546441,23.154273896,0.0,24.519031618,8.657520186000001,3.1914326440000003,7.506341753,5.992913059,2.523546441,5.962713454,1.746482543,3.532407962,12.398987252999998,26.88046418,0.630872464,0.96942751,0.0,199.733924882,4.323068834,37.682552263000005,1.892677383,2.901538904,18.789233113999998,3.306764023,31.24737753,0.0,0.484704415,1.929654516,4.47541519,28.621436523999996,12.70716836,4.984051538,0.630872464,0.0,0.0,19.297190115,0.0,0.0,1.929654516,3.868526312,9.881230122,1.444950101,1.493565936,0.0,9.693010665,0.052354382000000005,0.065646333,0.097985513,0.152392908,0.0,0.024974352,0.0,0.085128075,0.014445687,0.0,0.192221245,0.0,1.3522929620000002,0.0,0.0727907,0.135054545,0.9637952240000001,0.326171506,0.024307053000000002,0.036583618,3.0,3.0,"[[0, 1, 3], [2, 3, 4]]"
145x145,0.891907941,2.889914001,27.678672733,22.065136707,0.630872464,47.564111768000004,1.444950101,13.067650660999998,1.795511968,0.0,9.246206479,8.931714161,2.232050031,1.008861521,1.9786839410000001,11.174076359,36.546557304,2.967730506,0.630872464,0.0,6.831959109,3.4235466089999997,0.630872464,0.0,6.675701522,22.45343963,3.084684086,13.574114038,4.354515914,0.630872464,0.53373384,0.53373384,39.912041443,20.920970312,0.0,0.0,1.698346194,12.476656586999999,1.008861521,0.630872464,0.53373384,1.522780405,17.991793338,1.900769462,0.53373384,0.53373384,11.950179637,22.317831868,5.71427217,67.59452139100001,0.0,0.0,1.900769462,32.307676793,4.510325867,1.425641781,11.481712542,41.443947146,0.891907941,17.815962169,5.705807882,13.640458569,5.453266742,16.419245002,5.8029670200000005,6.022148348,1.900769462,2.075822565,0.630872464,0.53373384,1.008861521,29.309047158,1.1646063039999999,2.075822565,59.866647197,0.0,0.0,5.580873516,6.508413483,29.15312016,0.0,0.630872464,13.487343272,1.261778128,0.53373384,0.0,1.698346194,11.370403188,6.555882188,0.630872464,3.057280281,26.86987571,0.53373384,20.308040316,10.53620887,3.2404620690000003,5.316220586,7.719778175,3.057280281,6.508985121,1.261778128,9.55455631,22.789306093999997,0.0,2.232050031,0.0,0.0,215.793223872,3.68815001,35.0163819,2.784585324,2.901538904,18.656377764,0.0,32.404564936,0.0,0.891907941,1.444950101,0.0,27.311622392000004,15.424060643,11.879924379999999,0.630872464,2.134945535,0.53373384,33.321691582,7.089622078,0.0,3.404331772,3.046127668,7.529085901,1.444950101,1.008861521,8.897867656999999,23.15999384,0.028736252,0.049951439,0.086465514,0.11648441699999999,0.002447184,0.0,0.0,0.0,0.014445687,0.0,0.199081208,0.0,0.380376892,0.0,0.0727907,0.120832416,1.2198478899999998,0.321072753,0.028073201000000002,0.036583618,3.0,3.0,"[[0, 1, 4], [0, 1, 2]]"
146x146,0.891907941,0.96942751,51.913480453,20.144650216,1.115576879,67.43783880800001,0.0,14.521794423999998,2.280216383,0.0,8.770683888,9.416418576,5.62503786,1.978289031,0.53373384,3.949188222,28.370599383,2.00748482,0.630872464,0.484704415,6.831959109,4.877690372,0.630872464,0.484704415,5.230751421,22.45343963,1.639733985,12.129163937,5.333142024,0.630872464,0.53373384,1.50316135,43.323256074999996,29.178922511,0.0,0.0,3.1524899570000002,12.961361001999999,1.008861521,0.630872464,1.018438255,1.522780405,17.991793338,1.900769462,0.53373384,0.53373384,11.950179637,22.317831868,7.653071959,66.14957129000001,0.0,0.0,1.900769462,27.972731134999997,3.550080181,1.425641781,11.966416957,39.532577698999994,0.891907941,9.14610632,5.705807882,21.88041663,5.453266742,14.014035415999999,6.287671435000001,6.022148348,2.870196972,1.115576879,0.630872464,0.53373384,1.493565936,30.278474667999998,1.1646063039999999,1.600299974,92.35181085599999,0.0,0.0,5.580873516,3.142895335,29.15312016,0.0,1.600299974,10.597429271,1.261778128,1.018438255,0.0,3.1524899570000002,10.410157501999999,7.040586603,1.115576879,3.057280281,21.090027044,0.53373384,20.801890004,12.475008659,2.280216383,5.316220586,9.183057047,3.057280281,11.840826111,1.746482543,9.55455631,13.159252798999999,0.0,2.232050031,0.96942751,0.0,188.575602542,3.68815001,24.936232973000003,2.784585324,2.901538904,11.925321703999998,0.96942751,29.99935535,0.0,1.376612356,0.484704415,0.96942751,27.329937364000003,19.301703523,13.343203251999999,0.630872464,2.134945535,0.53373384,29.471450338999997,7.089622078,0.0,2.444086086,4.024753778,8.022935589,0.0,1.493565936,8.897867656999999,32.853004505,0.028736252,0.09159468,0.090348193,0.144460088,0.002447184,0.023056926,0.0,0.085128075,0.014445687,0.0,0.199081208,0.0,0.7344409460000001,0.0,0.0727907,0.017572092,1.2001940919999998,0.010231803,0.028073201000000002,0.036583618,3.0,3.0,"[[0, 1, 4], [0, 1, 3]]"
147x147,0.891907941,0.0,27.678672733,19.175222706,1.799525128,49.901448281,0.0,13.067650660999998,1.795511968,1.168652664,7.801256378,8.931714161,2.232050031,1.008861521,0.53373384,3.949188222,31.106461609999997,1.522780405,0.630872464,4.674662016,9.169295622,3.4235466089999997,0.630872464,0.0,5.230751421,22.45343963,1.639733985,12.129163937,2.909565813,0.630872464,0.53373384,0.53373384,40.528115121999996,18.031056311,0.0,0.0,1.698346194,13.645309250999999,6.852073608,0.630872464,1.702386504,1.522780405,19.160446002,1.900769462,0.53373384,5.208395856,13.118832301,24.655168381,5.71427217,66.14957129000001,0.0,0.0,1.900769462,29.141383798999996,3.065375766,1.425641781,11.481712542,40.614989167999994,0.891907941,9.14610632,5.705807882,20.652441216,5.453266742,13.529331001,5.8029670200000005,6.022148348,1.900769462,0.630872464,0.630872464,0.53373384,2.1775141849999997,33.983709174,1.1646063039999999,0.630872464,61.92768477599999,0.0,0.0,6.749526179999999,3.342120489,29.15312016,0.0,0.630872464,10.597429271,1.261778128,0.53373384,0.0,1.698346194,11.094105750999999,6.555882188,1.799525128,3.057280281,21.090027044,0.53373384,21.200426728,11.704861533999999,1.795511968,5.316220586,6.274828074,3.057280281,6.508985121,1.261778128,9.55455631,13.843201048,26.88046418,2.232050031,0.0,0.0,233.734832562,4.856802674,26.131738207,2.784585324,2.901538904,18.167099391,2.337336513,29.514650935,0.0,0.891907941,0.0,3.50598768,38.446207421000004,15.424060643,10.434974278999999,0.630872464,2.134945535,0.53373384,28.986745923999997,7.089622078,0.0,1.959381671,1.601177567,6.0841358,0.0,1.008861521,8.897867656999999,23.15999384,0.044689212,0.049951439,0.10743629,0.168601709,0.002447184,0.001917426,0.0,0.0,0.014445687,0.0,0.199081208,0.0,0.452621623,0.0,0.0727907,0.032557036,1.2642573849999998,0.010974409,0.029133528000000002,0.036583618,3.0,3.0,"[[0, 1, 4], [0, 1, 4]]"
148x148,0.891907941,3.8593415110000002,51.913480453,23.034564217,1.115576879,61.41569046,1.444950101,14.521794423999998,2.280216383,0.0,10.215633989,3.394270228,5.62503786,1.978289031,1.9786839410000001,11.174076359,26.441681173,3.452434921,0.630872464,0.484704415,6.831959109,4.877690372,0.630872464,0.484704415,6.675701522,16.431291282,3.084684086,13.574114038,6.778092125000001,0.630872464,0.53373384,1.50316135,46.213170076,32.068836512000004,0.0,0.0,3.1524899570000002,12.961361001999999,1.008861521,0.630872464,1.018438255,1.522780405,5.948117418,1.900769462,0.53373384,0.53373384,5.928031289,22.317831868,7.653071959,67.59452139100001,0.0,0.0,1.900769462,26.285528444999997,4.995030282,1.425641781,11.966416957,43.867523356999996,0.891907941,11.793813820999999,5.705807882,21.88041663,5.453266742,16.903949417,6.287671435000001,0.0,2.870196972,2.56052698,0.630872464,0.53373384,1.493565936,6.188512878,1.1646063039999999,3.0452500750000002,93.796760957,0.0,0.0,5.580873516,7.477840993,29.15312016,0.0,1.600299974,13.487343272,1.261778128,1.018438255,0.0,3.1524899570000002,11.855107602999999,1.018438255,1.115576879,3.057280281,26.86987571,0.53373384,22.246840105,12.475008659,3.7251664840000003,5.316220586,10.628007148,3.057280281,11.840826111,1.746482543,3.532407962,11.230334588999998,0.0,2.232050031,0.96942751,0.0,151.22801881200002,3.68815001,40.832859313,2.784585324,2.901538904,20.595177553,0.96942751,26.867121003,0.0,1.376612356,1.929654516,0.96942751,24.197703017000002,19.301703523,14.788153352999998,0.630872464,2.134945535,0.53373384,21.762720076999997,1.06747373,0.0,3.889036187,5.469703879,9.46788569,1.444950101,1.493565936,8.897867656999999,32.853004505,0.02634885,0.09159468,0.08287885,0.141112831,0.0,0.023056926,0.0,0.085128075,0.014445687,0.0,0.199081208,0.0,1.021949135,0.0,0.0727907,0.120832416,1.075098277,0.315505319,0.0276821,0.036583618,3.0,3.0,"[[0, 1, 4], [0, 2, 3]]"
149x149,0.891907941,2.889914001,27.678672733,22.065136707,1.799525128,43.879299933,1.444950101,13.067650660999998,1.795511968,1.168652664,9.246206479,2.909565813,2.232050031,1.008861521,1.9786839410000001,11.174076359,29.177543399999998,2.967730506,0.630872464,4.674662016,9.169295622,3.4235466089999997,0.630872464,0.0,6.675701522,16.431291282,3.084684086,13.574114038,4.354515914,0.630872464,0.53373384,0.53373384,43.418029123,20.920970312,0.0,0.0,1.698346194,13.645309250999999,6.852073608,0.630872464,1.702386504,1.522780405,7.1167700819999995,1.900769462,0.53373384,5.208395856,7.096683952999999,24.655168381,5.71427217,67.59452139100001,0.0,0.0,1.900769462,27.454181108999997,4.510325867,1.425641781,11.481712542,44.949934825999996,0.891907941,11.793813820999999,5.705807882,20.652441216,5.453266742,16.419245002,5.8029670200000005,0.0,1.900769462,2.075822565,0.630872464,0.53373384,2.1775141849999997,9.893747384000001,1.1646063039999999,2.075822565,63.372634876999996,0.0,0.0,6.749526179999999,7.677066147,29.15312016,0.0,0.630872464,13.487343272,1.261778128,0.53373384,0.0,1.698346194,12.539055851999999,0.53373384,1.799525128,3.057280281,26.86987571,0.53373384,22.645376829,11.704861533999999,3.2404620690000003,5.316220586,7.719778175,3.057280281,6.508985121,1.261778128,3.532407962,11.914282837999998,26.88046418,2.232050031,0.0,0.0,196.387248832,4.856802674,42.028364546999995,2.784585324,2.901538904,26.836955239999998,2.337336513,26.382416588,0.0,0.891907941,1.444950101,3.50598768,35.313973074,15.424060643,11.879924379999999,0.630872464,2.134945535,0.53373384,21.278015661999998,1.06747373,0.0,3.404331772,3.046127668,7.529085901,1.444950101,1.008861521,8.897867656999999,23.15999384,0.042301809999999995,0.049951439,0.099966947,0.165254452,0.0,0.001917426,0.0,0.0,0.014445687,0.0,0.199081208,0.0,0.7401298119999999,0.0,0.0727907,0.13581736,1.13916157,0.316247925,0.028742427,0.036583618,3.0,3.0,"[[0, 1, 4], [0, 2, 4]]"
150x150,0.891907941,0.96942751,51.913480453,20.144650216,2.284229543,63.753026973,0.0,14.521794423999998,2.280216383,1.168652664,8.770683888,3.394270228,5.62503786,1.978289031,0.53373384,3.949188222,21.001585479,2.00748482,0.630872464,5.1593664310000005,9.169295622,4.877690372,0.630872464,0.484704415,5.230751421,16.431291282,1.639733985,12.129163937,5.333142024,0.630872464,0.53373384,1.50316135,46.82924375499999,29.178922511,0.0,0.0,3.1524899570000002,14.130013665999998,6.852073608,0.630872464,2.187090919,1.522780405,7.1167700819999995,1.900769462,0.53373384,5.208395856,7.096683952999999,24.655168381,7.653071959,66.14957129000001,0.0,0.0,1.900769462,23.119235450999998,3.550080181,1.425641781,11.966416957,43.03856537899999,0.891907941,3.123957972,5.705807882,28.892399277,5.453266742,14.014035415999999,6.287671435000001,0.0,2.870196972,1.115576879,0.630872464,0.53373384,2.6622186,10.863174894,1.1646063039999999,1.600299974,95.85779853599999,0.0,0.0,6.749526179999999,4.311547999,29.15312016,0.0,1.600299974,10.597429271,1.261778128,1.018438255,0.0,3.1524899570000002,11.578810165999998,1.018438255,2.284229543,3.057280281,21.090027044,0.53373384,23.139226517,13.643661323,2.280216383,5.316220586,9.183057047,3.057280281,11.840826111,1.746482543,3.532407962,2.284229543,26.88046418,2.232050031,0.96942751,0.0,169.16962750199997,4.856802674,31.948215620000003,2.784585324,2.901538904,20.105899179999998,3.306764023,23.977207002,0.0,1.376612356,0.484704415,4.47541519,35.332288046,19.301703523,13.343203251999999,0.630872464,2.134945535,0.53373384,17.427774419,1.06747373,0.0,2.444086086,4.024753778,8.022935589,0.0,1.493565936,8.897867656999999,32.853004505,0.042301809999999995,0.09159468,0.103849626,0.19323012300000003,0.0,0.024974352,0.0,0.085128075,0.014445687,0.0,0.199081208,0.0,1.0941938660000001,0.0,0.0727907,0.032557036,1.119507772,0.005406975,0.028742427,0.036583618,3.0,3.0,"[[0, 1, 4], [0, 3, 4]]"
151x151,0.0,3.8593415110000002,36.751298193,23.034564217,1.115576879,48.709069248,1.444950101,12.737981799999998,2.280216383,0.0,8.431821365,8.524510634999999,5.62503786,1.978289031,1.9786839410000001,10.282168418,36.701544469,2.56052698,0.630872464,0.484704415,6.831959109,3.0938777479999997,0.630872464,0.484704415,6.675701522,22.45343963,3.084684086,13.574114038,5.886184183999999,0.630872464,0.53373384,1.50316135,36.40132037,23.149788327,0.0,0.0,3.1524899570000002,12.069453060999999,1.008861521,0.630872464,1.018438255,0.630872464,17.991793338,1.008861521,0.53373384,0.53373384,11.950179637,21.425923927,5.869259335,67.59452139100001,0.0,0.0,1.008861521,32.307676793,4.103122341000001,0.53373384,11.966416957,36.73210296,0.0,16.924054228,5.705807882,18.312796271,4.561358801,16.903949417,6.287671435000001,6.022148348,1.978289031,2.56052698,0.630872464,0.53373384,1.493565936,28.494662044,1.1646063039999999,3.0452500750000002,74.176222577,0.0,0.0,5.580873516,7.477840993,13.990937899999999,0.0,1.600299974,12.595435331000001,1.261778128,1.018438255,0.0,3.1524899570000002,10.071294979,7.040586603,1.115576879,3.057280281,23.302255351,0.53373384,19.571055961,10.691196035,3.7251664840000003,3.532407962,7.060386789,3.057280281,9.165041967,1.746482543,9.55455631,23.274010508999996,0.0,2.232050031,0.96942751,0.0,207.21878468199998,3.68815001,32.805515151,1.892677383,2.901538904,11.676129367999998,0.96942751,29.321648992000004,0.0,0.484704415,1.929654516,0.96942751,21.30080318,14.842113895,7.6527329559999995,0.630872464,2.134945535,0.53373384,32.022583372999996,7.089622078,0.0,2.997128246,5.469703879,8.575977749,1.444950101,1.493565936,8.005959716,20.366481425,0.002387402,0.086015437,0.077694001,0.11720847000000001,0.002447184,0.023056926,0.0,0.085128075,0.014445687,0.0,0.184843157,0.0,0.9925400420000001,0.0,0.0727907,0.120069601,1.013852022,0.321072753,0.028073201000000002,0.036583618,3.0,3.0,"[[0, 1, 4], [1, 2, 3]]"
152x152,0.0,2.889914001,12.516490473000001,22.065136707,1.799525128,31.172678721,1.444950101,11.283838036999999,1.795511968,1.168652664,7.462393854999999,8.03980622,2.232050031,1.008861521,1.9786839410000001,10.282168418,39.437406696,2.075822565,0.630872464,4.674662016,9.169295622,1.639733985,0.630872464,0.0,6.675701522,22.45343963,3.084684086,13.574114038,3.462607973,0.630872464,0.53373384,0.53373384,33.606179417,12.001922127,0.0,0.0,1.698346194,12.75340131,6.852073608,0.630872464,1.702386504,0.630872464,19.160446002,1.008861521,0.53373384,5.208395856,13.118832301,23.76326044,3.930459546,67.59452139100001,0.0,0.0,1.008861521,33.476329457,3.6184179260000002,0.53373384,11.481712542,37.814514429,0.0,16.924054228,5.705807882,17.084820857,4.561358801,16.419245002,5.8029670200000005,6.022148348,1.008861521,2.075822565,0.630872464,0.53373384,2.1775141849999997,32.19989655,1.1646063039999999,2.075822565,43.752096497,0.0,0.0,6.749526179999999,7.677066147,13.990937899999999,0.0,0.630872464,12.595435331000001,1.261778128,0.53373384,0.0,1.698346194,10.755243228,6.555882188,1.799525128,3.057280281,23.302255351,0.53373384,19.969592685,9.92104891,3.2404620690000003,3.532407962,4.152157816,3.057280281,3.8332009769999997,1.261778128,9.55455631,23.957958757999997,26.88046418,2.232050031,0.0,0.0,252.37801470199997,4.856802674,34.001020385000004,1.892677383,2.901538904,17.917907055,2.337336513,28.836944577000004,0.0,0.0,1.444950101,3.50598768,32.417073237,10.964471015,4.7445039829999995,0.630872464,2.134945535,0.53373384,31.537878957999997,7.089622078,0.0,2.512423831,3.046127668,6.63717796,1.444950101,1.008861521,8.005959716,10.67347076,0.018340362,0.044372196,0.09478209800000001,0.141350091,0.002447184,0.001917426,0.0,0.0,0.014445687,0.0,0.184843157,0.0,0.710720719,0.0,0.0727907,0.135054545,1.077915315,0.32181535899999997,0.029133528000000002,0.036583618,3.0,3.0,"[[0, 1, 4], [1, 2, 4]]"
153x153,0.0,0.96942751,36.751298193,20.144650216,2.284229543,51.046405760999995,0.0,12.737981799999998,2.280216383,1.168652664,6.9868712639999995,8.524510634999999,5.62503786,1.978289031,0.53373384,3.057280281,31.261448774999998,1.115576879,0.630872464,5.1593664310000005,9.169295622,3.0938777479999997,0.630872464,0.484704415,5.230751421,22.45343963,1.639733985,12.129163937,4.441234082999999,0.630872464,0.53373384,1.50316135,37.017394048999996,20.259874326,0.0,0.0,3.1524899570000002,13.238105724999999,6.852073608,0.630872464,2.187090919,0.630872464,19.160446002,1.008861521,0.53373384,5.208395856,13.118832301,23.76326044,5.869259335,66.14957129000001,0.0,0.0,1.008861521,29.141383798999996,2.65817224,0.53373384,11.966416957,35.90314498199999,0.0,8.254198379,5.705807882,25.324778918,4.561358801,14.014035415999999,6.287671435000001,6.022148348,1.978289031,1.115576879,0.630872464,0.53373384,2.6622186,33.16932406,1.1646063039999999,1.600299974,76.23726015599999,0.0,0.0,6.749526179999999,4.311547999,13.990937899999999,0.0,1.600299974,9.70552133,1.261778128,1.018438255,0.0,3.1524899570000002,9.794997541999999,7.040586603,2.284229543,3.057280281,17.522406685,0.53373384,20.463442373,11.859848699,2.280216383,3.532407962,5.615436688,3.057280281,9.165041967,1.746482543,9.55455631,14.327905462999999,26.88046418,2.232050031,0.96942751,0.0,225.160393372,4.856802674,23.920871458,1.892677383,2.901538904,11.186850995,3.306764023,26.431734991000003,0.0,0.484704415,0.484704415,4.47541519,32.435388209,14.842113895,6.207782855,0.630872464,2.134945535,0.53373384,27.687637714999997,7.089622078,0.0,1.5521781449999998,4.024753778,7.131027648,0.0,1.493565936,8.005959716,20.366481425,0.018340362,0.086015437,0.09866477700000001,0.169325762,0.002447184,0.024974352,0.0,0.085128075,0.014445687,0.0,0.184843157,0.0,1.064784773,0.0,0.0727907,0.031794221,1.058261517,0.010974409,0.029133528000000002,0.036583618,3.0,3.0,"[[0, 1, 4], [1, 3, 4]]"
154x154,0.0,3.8593415110000002,36.751298193,23.034564217,2.284229543,45.024257413,1.444950101,12.737981799999998,2.280216383,1.168652664,8.431821365,2.502362287,5.62503786,1.978289031,1.9786839410000001,10.282168418,29.332530565,2.56052698,0.630872464,5.1593664310000005,9.169295622,3.0938777479999997,0.630872464,0.484704415,6.675701522,16.431291282,3.084684086,13.574114038,5.886184183999999,0.630872464,0.53373384,1.50316135,39.90730805,23.149788327,0.0,0.0,3.1524899570000002,13.238105724999999,6.852073608,0.630872464,2.187090919,0.630872464,7.1167700819999995,1.008861521,0.53373384,5.208395856,7.096683952999999,23.76326044,5.869259335,67.59452139100001,0.0,0.0,1.008861521,27.454181108999997,4.103122341000001,0.53373384,11.966416957,40.238090639999996,0.0,10.90190588,5.705807882,25.324778918,4.561358801,16.903949417,6.287671435000001,0.0,1.978289031,2.56052698,0.630872464,0.53373384,2.6622186,9.07936227,1.1646063039999999,3.0452500750000002,77.68221025700001,0.0,0.0,6.749526179999999,8.646493657,13.990937899999999,0.0,1.600299974,12.595435331000001,1.261778128,1.018438255,0.0,3.1524899570000002,11.239947642999999,1.018438255,2.284229543,3.057280281,23.302255351,0.53373384,21.908392474,11.859848699,3.7251664840000003,3.532407962,7.060386789,3.057280281,9.165041967,1.746482543,3.532407962,12.398987252999998,26.88046418,2.232050031,0.96942751,0.0,187.812809642,4.856802674,39.817497798000005,1.892677383,2.901538904,19.856706843999998,3.306764023,23.299500644000002,0.0,0.484704415,1.929654516,4.47541519,29.303153862000002,14.842113895,7.6527329559999995,0.630872464,2.134945535,0.53373384,19.978907452999998,1.06747373,0.0,2.997128246,5.469703879,8.575977749,1.444950101,1.493565936,8.005959716,20.366481425,0.01595296,0.086015437,0.091195434,0.165978505,0.0,0.024974352,0.0,0.085128075,0.014445687,0.0,0.184843157,0.0,1.3522929620000002,0.0,0.0727907,0.135054545,0.933165702,0.316247925,0.028742427,0.036583618,3.0,3.0,"[[0, 1, 4], [2, 3, 4]]"
155x155,0.891907941,2.889914001,21.987648411000002,15.831306144000003,0.0,30.567521633,1.444950101,12.408230532,0.0,0.0,16.108734753,10.918678241,0.0,1.008861521,1.444950101,9.007397586,33.557815352999995,2.3368580420000002,0.0,1.781249819,2.79011134,2.7926741450000003,0.0,0.0,2.453811622,8.930407728,2.453811622,21.561980278,8.122729813000001,0.0,0.0,0.0,30.059498337,12.817823706999999,0.0,0.0,0.0,10.91894106,2.995825601,0.0,0.890601508,0.891907941,17.623803563,1.900769462,0.0,0.0,10.948103762,9.735105896999999,13.088447926,15.570110881,0.0,0.890601508,1.900769462,21.305342811,3.3457195630000003,0.891907941,2.017657872,45.722596105,0.891907941,15.583912137999999,11.814580768999999,8.462843819,8.428311503,10.54451762,4.689466179,8.693956655000001,1.900769462,1.444950101,0.0,0.0,1.008861521,29.554444242000002,0.0,2.3355516090000004,28.899837628,0.0,0.0,1.98696408,17.264922419,25.904673783999996,0.890601508,0.0,7.550035841000001,2.671808307,0.0,0.0,0.0,6.018874065,6.022148348,6.234358059,0.0,33.771228299,0.0,23.8831919,5.700935424,1.444950101,10.329077707,6.021431981,1.781249819,2.675784144,0.0,7.031009869,23.049035138,0.0,1.781249819,0.890601508,0.0,227.714339112,0.0,33.066565333,0.891907941,1.008861521,19.370153852999998,0.0,44.58263645800001,0.0,0.891907941,1.444950101,0.0,22.844595906000002,11.285055779,9.470972006,0.890601508,0.890601508,0.890601508,33.862837654,6.022148348,0.0,2.3368580420000002,3.22619992,9.873261604,1.444950101,1.008861521,0.891907941,13.377124588,0.06513767399999999,0.041667408999999996,0.10472674300000001,0.103198728,0.002447184,0.0,0.0,0.0,0.014445687,0.0,0.218069977,0.0,0.316917282,0.0,0.048409627,0.120832416,1.208765177,0.330996334,0.023637827000000004,0.026538507,3.0,3.0,"[[0, 2, 3], [0, 1, 2]]"
156x156,0.891907941,0.96942751,46.222456131,13.910819653,0.484704415,50.441248673,0.0,13.862374294999999,0.484704415,0.0,15.633212162,11.403382656,3.392987829,1.978289031,0.0,1.782509449,25.381857432,1.376612356,0.0,2.265954234,2.79011134,4.246817908000001,0.0,0.484704415,1.008861521,8.930407728,1.008861521,20.117030177,9.101355923,0.0,0.0,0.96942751,33.470712969,21.075775905999997,0.0,0.0,1.454143763,11.403645475,2.995825601,0.0,1.375305923,0.891907941,17.623803563,1.900769462,0.0,0.0,10.948103762,9.735105896999999,15.027247715000001,14.12516078,0.0,0.890601508,1.900769462,16.970397153,2.385473877,0.891907941,2.502362287,43.811226657999995,0.891907941,6.914056289,11.814580768999999,16.70280188,8.428311503,8.139308033999999,5.1741705940000005,8.693956655000001,2.870196972,0.484704415,0.0,0.0,1.493565936,30.523871752,0.0,1.860029018,61.385001286999994,0.0,0.0,1.98696408,13.899404271000002,25.904673783999996,0.890601508,0.96942751,4.66012184,2.671808307,0.484704415,0.0,1.454143763,5.058628379000001,6.506852763,6.719062474,0.0,27.991379632999998,0.0,24.377041588,7.639735213,0.484704415,10.329077707,7.484710853,1.781249819,8.007625134,0.484704415,7.031009869,13.418981843,0.0,1.781249819,1.860029018,0.0,200.49671778200002,0.0,22.986416406000004,0.891907941,1.008861521,12.639097792999998,0.96942751,42.17742687200001,0.0,1.376612356,0.484704415,0.96942751,22.862910878,15.162698659,10.934250878,0.890601508,0.890601508,0.890601508,30.012596411,6.022148348,0.0,1.376612356,4.2048260299999995,10.367111292,0.0,1.493565936,0.891907941,23.070135252999997,0.06513767399999999,0.08331064999999999,0.10860942200000001,0.131174399,0.002447184,0.023056926,0.0,0.085128075,0.014445687,0.0,0.218069977,0.0,0.6709813360000001,0.0,0.048409627,0.017572092,1.189111379,0.020155384,0.023637827000000004,0.026538507,3.0,3.0,"[[0, 2, 3], [0, 1, 3]]"
157x157,0.891907941,0.0,21.987648411000002,12.941392143000002,1.168652664,32.904858145999995,0.0,12.408230532,0.0,1.168652664,14.663784652,10.918678241,0.0,1.008861521,0.0,1.782509449,28.117719659,0.891907941,0.0,6.455911835,5.127447853,2.7926741450000003,0.0,0.0,1.008861521,8.930407728,1.008861521,20.117030177,6.677779712,0.0,0.0,0.0,30.675572016,9.927909706,0.0,0.0,0.0,12.087593724,8.839037688000001,0.0,2.059254172,0.891907941,18.792456227,1.900769462,0.0,4.674662016,12.116756426,12.072442409999999,13.088447926,14.12516078,0.0,0.890601508,1.900769462,18.139049817,1.900769462,0.891907941,2.017657872,44.893638126999996,0.891907941,6.914056289,11.814580768999999,15.474826466,8.428311503,7.6546036189999995,4.689466179,8.693956655000001,1.900769462,0.0,0.0,0.0,2.1775141849999997,34.229106258,0.0,0.890601508,30.960875207,0.0,0.0,3.1556167439999996,14.098629425,25.904673783999996,0.890601508,0.0,4.66012184,2.671808307,0.0,0.0,0.0,5.742576628,6.022148348,7.4030107229999995,0.0,27.991379632999998,0.0,24.775578312,6.8695880879999995,0.0,10.329077707,4.57648188,1.781249819,2.675784144,0.0,7.031009869,14.102930092,26.88046418,1.781249819,0.890601508,0.0,245.65594780200001,1.168652664,24.181921640000002,0.891907941,1.008861521,18.88087548,2.337336513,41.69272245700001,0.0,0.891907941,0.0,3.50598768,33.979180935,11.285055779,8.026021905,0.890601508,0.890601508,0.890601508,29.527891996,6.022148348,0.0,0.891907941,1.781249819,8.428311503,0.0,1.008861521,0.891907941,13.377124588,0.081090634,0.041667408999999996,0.125697519,0.15531602,0.002447184,0.001917426,0.0,0.0,0.014445687,0.0,0.218069977,0.0,0.389162013,0.0,0.048409627,0.032557036,1.253174672,0.020897989999999998,0.024698154000000003,0.026538507,3.0,3.0,"[[0, 2, 3], [0, 1, 4]]"
158x158,0.891907941,3.8593415110000002,46.222456131,16.800733654000002,0.484704415,44.419100325,1.444950101,13.862374294999999,0.484704415,0.0,17.078162263,5.381234308000001,3.392987829,1.978289031,1.444950101,9.007397586,23.452939221999998,2.821562457,0.0,2.265954234,2.79011134,4.246817908000001,0.0,0.484704415,2.453811622,2.90825938,2.453811622,21.561980278,10.546306024000001,0.0,0.0,0.96942751,36.36062697,23.965689906999998,0.0,0.0,1.454143763,11.403645475,2.995825601,0.0,1.375305923,0.891907941,5.580127643,1.900769462,0.0,0.0,4.925955414000001,9.735105896999999,15.027247715000001,15.570110881,0.0,0.890601508,1.900769462,15.283194462999997,3.8304239780000002,0.891907941,2.502362287,48.146172316,0.891907941,9.561763789999999,11.814580768999999,16.70280188,8.428311503,11.029222035,5.1741705940000005,2.671808307,2.870196972,1.929654516,0.0,0.0,1.493565936,6.433909962,0.0,3.3049791190000004,62.829951388,0.0,0.0,1.98696408,18.234349929,25.904673783999996,0.890601508,0.96942751,7.550035841000001,2.671808307,0.484704415,0.0,1.454143763,6.503578480000001,0.484704415,6.719062474,0.0,33.771228299,0.0,25.821991689,7.639735213,1.929654516,10.329077707,8.929660954,1.781249819,8.007625134,0.484704415,1.008861521,11.490063632999998,0.0,1.781249819,1.860029018,0.0,163.149134052,0.0,38.883042746,0.891907941,1.008861521,21.308953642,0.96942751,39.04519252500001,0.0,1.376612356,1.929654516,0.96942751,19.730676531,15.162698659,12.379200979,0.890601508,0.890601508,0.890601508,22.303866148999997,0.0,0.0,2.821562457,5.649776130999999,11.812061393,1.444950101,1.493565936,0.891907941,23.070135252999997,0.062750272,0.08331064999999999,0.10114007900000002,0.127827142,0.0,0.023056926,0.0,0.085128075,0.014445687,0.0,0.218069977,0.0,0.9584895250000001,0.0,0.048409627,0.120832416,1.0640155640000002,0.3254289,0.023246726000000002,0.026538507,3.0,3.0,"[[0, 2, 3], [0, 2, 3]]"
159x159,0.891907941,2.889914001,21.987648411000002,15.831306144000003,1.168652664,26.882709798,1.444950101,12.408230532,0.0,1.168652664,16.108734753,4.896529893,0.0,1.008861521,1.444950101,9.007397586,26.188801448999996,2.3368580420000002,0.0,6.455911835,5.127447853,2.7926741450000003,0.0,0.0,2.453811622,2.90825938,2.453811622,21.561980278,8.122729813000001,0.0,0.0,0.0,33.565486017,12.817823706999999,0.0,0.0,0.0,12.087593724,8.839037688000001,0.0,2.059254172,0.891907941,6.748780307,1.900769462,0.0,4.674662016,6.094608078,12.072442409999999,13.088447926,15.570110881,0.0,0.890601508,1.900769462,16.451847126999997,3.3457195630000003,0.891907941,2.017657872,49.228583785,0.891907941,9.561763789999999,11.814580768999999,15.474826466,8.428311503,10.54451762,4.689466179,2.671808307,1.900769462,1.444950101,0.0,0.0,2.1775141849999997,10.139144468000001,0.0,2.3355516090000004,32.405825308,0.0,0.0,3.1556167439999996,18.433575083,25.904673783999996,0.890601508,0.0,7.550035841000001,2.671808307,0.0,0.0,0.0,7.187526729,0.0,7.4030107229999995,0.0,33.771228299,0.0,26.220528413,6.8695880879999995,1.444950101,10.329077707,6.021431981,1.781249819,2.675784144,0.0,1.008861521,12.174011881999999,26.88046418,1.781249819,0.890601508,0.0,208.308364072,1.168652664,40.078547979999996,0.891907941,1.008861521,27.550731328999998,2.337336513,38.56048811000001,0.0,0.891907941,1.444950101,3.50598768,30.846946588,11.285055779,9.470972006,0.890601508,0.890601508,0.890601508,21.819161733999998,0.0,0.0,2.3368580420000002,3.22619992,9.873261604,1.444950101,1.008861521,0.891907941,13.377124588,0.078703232,0.041667408999999996,0.11822817600000002,0.151968763,0.0,0.001917426,0.0,0.0,0.014445687,0.0,0.218069977,0.0,0.6766702019999999,0.0,0.048409627,0.13581736,1.1280788570000002,0.326171506,0.024307053000000002,0.026538507,3.0,3.0,"[[0, 2, 3], [0, 2, 4]]"
160x160,0.891907941,0.96942751,46.222456131,13.910819653,1.6533570789999998,46.756436838,0.0,13.862374294999999,0.484704415,1.168652664,15.633212162,5.381234308000001,3.392987829,1.978289031,0.0,1.782509449,18.012843527999998,1.376612356,0.0,6.94061625,5.127447853,4.246817908000001,0.0,0.484704415,1.008861521,2.90825938,1.008861521,20.117030177,9.101355923,0.0,0.0,0.96942751,36.976700648999994,21.075775905999997,0.0,0.0,1.454143763,12.572298138999999,8.839037688000001,0.0,2.5439585869999997,0.891907941,6.748780307,1.900769462,0.0,4.674662016,6.094608078,12.072442409999999,15.027247715000001,14.12516078,0.0,0.890601508,1.900769462,12.116901468999998,2.385473877,0.891907941,2.502362287,47.31721433799999,0.891907941,0.891907941,11.814580768999999,23.714784527,8.428311503,8.139308033999999,5.1741705940000005,2.671808307,2.870196972,0.484704415,0.0,0.0,2.6622186,11.108571978,0.0,1.860029018,64.890988967,0.0,0.0,3.1556167439999996,15.068056935000001,25.904673783999996,0.890601508,0.96942751,4.66012184,2.671808307,0.484704415,0.0,1.454143763,6.2272810430000005,0.484704415,7.887715138,0.0,27.991379632999998,0.0,26.714378101,8.808387877,0.484704415,10.329077707,7.484710853,1.781249819,8.007625134,0.484704415,1.008861521,2.5439585869999997,26.88046418,1.781249819,1.860029018,0.0,181.09074274199997,1.168652664,29.998399053000004,0.891907941,1.008861521,20.819675268999998,3.306764023,36.15527852400001,0.0,1.376612356,0.484704415,4.47541519,30.86526156,15.162698659,10.934250878,0.890601508,0.890601508,0.890601508,17.968920491,0.0,0.0,1.376612356,4.2048260299999995,10.367111292,0.0,1.493565936,0.891907941,23.070135252999997,0.078703232,0.08331064999999999,0.12211085500000002,0.17994443400000001,0.0,0.024974352,0.0,0.085128075,0.014445687,0.0,0.218069977,0.0,1.0307342560000001,0.0,0.048409627,0.032557036,1.1084250590000002,0.015330556,0.024307053000000002,0.026538507,3.0,3.0,"[[0, 2, 3], [0, 3, 4]]"
161x161,0.0,3.8593415110000002,31.060273871,16.800733654000002,0.484704415,31.712479113,1.444950101,12.078561671,0.484704415,0.0,15.294349639,10.511474714999999,3.392987829,1.978289031,1.444950101,8.115489645,33.712802518,1.929654516,0.0,2.265954234,2.79011134,2.4630052840000003,0.0,0.484704415,2.453811622,8.930407728,2.453811622,21.561980278,9.654398083,0.0,0.0,0.96942751,26.548777264,15.046641722,0.0,0.0,1.454143763,10.511737534,2.995825601,0.0,1.375305923,0.0,17.623803563,1.008861521,0.0,0.0,10.948103762,8.843197956,13.243435091000002,15.570110881,0.0,0.890601508,1.008861521,21.305342811,2.938516037,0.0,2.502362287,41.010751919,0.0,14.692004197,11.814580768999999,13.135181521,7.536403562,11.029222035,5.1741705940000005,8.693956655000001,1.978289031,1.929654516,0.0,0.0,1.493565936,28.740059128,0.0,3.3049791190000004,43.209413008,0.0,0.0,1.98696408,18.234349929,10.742491523999998,0.890601508,0.96942751,6.6581279,2.671808307,0.484704415,0.0,1.454143763,4.719765856,6.506852763,6.719062474,0.0,30.203607939999998,0.0,23.146207545,5.855922589,1.929654516,8.545265083,5.362040595,1.781249819,5.33184099,0.484704415,7.031009869,23.533739553,0.0,1.781249819,1.860029018,0.0,219.13989992199998,0.0,30.855698584000002,0.0,1.008861521,12.389905456999998,0.96942751,41.49972051400001,0.0,0.484704415,1.929654516,0.96942751,16.833776694,10.703109031,5.243780582,0.890601508,0.890601508,0.890601508,32.56372944500001,6.022148348,0.0,1.929654516,5.649776130999999,10.920153452000001,1.444950101,1.493565936,0.0,10.583612172999999,0.038788824,0.077731407,0.09595523,0.103922781,0.002447184,0.023056926,0.0,0.085128075,0.014445687,0.0,0.203831926,0.0,0.9290804320000001,0.0,0.048409627,0.120069601,1.002769309,0.330996334,0.023637827000000004,0.026538507,3.0,3.0,"[[0, 2, 3], [1, 2, 3]]"
162x162,0.0,2.889914001,6.8254661510000005,15.831306144000003,1.168652664,14.176088586,1.444950101,10.624417908,0.0,1.168652664,14.324922129,10.026770299999999,0.0,1.008861521,1.444950101,8.115489645,36.448664745,1.444950101,0.0,6.455911835,5.127447853,1.008861521,0.0,0.0,2.453811622,8.930407728,2.453811622,21.561980278,7.230821872,0.0,0.0,0.0,23.753636311,3.898775522,0.0,0.0,0.0,11.195685783,8.839037688000001,0.0,2.059254172,0.0,18.792456227,1.008861521,0.0,4.674662016,12.116756426,11.180534469,11.304635302000001,15.570110881,0.0,0.890601508,1.008861521,22.473995475,2.453811622,0.0,2.017657872,42.093163388,0.0,14.692004197,11.814580768999999,11.907206107,7.536403562,10.54451762,4.689466179,8.693956655000001,1.008861521,1.444950101,0.0,0.0,2.1775141849999997,32.445293634,0.0,2.3355516090000004,12.785286928000001,0.0,0.0,3.1556167439999996,18.433575083,10.742491523999998,0.890601508,0.0,6.6581279,2.671808307,0.0,0.0,0.0,5.403714105,6.022148348,7.4030107229999995,0.0,30.203607939999998,0.0,23.544744269,5.085775464,1.444950101,8.545265083,2.453811622,1.781249819,0.0,0.0,7.031009869,24.217687802,26.88046418,1.781249819,0.890601508,0.0,264.299129942,1.168652664,32.051203818000005,0.0,1.008861521,18.631683144,2.337336513,41.01501609900001,0.0,0.0,1.444950101,3.50598768,27.950046751000002,6.8254661510000005,2.3355516090000004,0.890601508,0.890601508,0.890601508,32.079025030000004,6.022148348,0.0,1.444950101,3.22619992,8.981353663,1.444950101,1.008861521,0.0,0.890601508,0.054741784,0.036088166,0.113043327,0.12806440200000002,0.002447184,0.001917426,0.0,0.0,0.014445687,0.0,0.203831926,0.0,0.647261109,0.0,0.048409627,0.135054545,1.066832602,0.33173894,0.024698154000000003,0.026538507,3.0,3.0,"[[0, 2, 3], [1, 2, 4]]"
163x163,0.0,0.96942751,31.060273871,13.910819653,1.6533570789999998,34.049815626,0.0,12.078561671,0.484704415,1.168652664,13.849399538,10.511474714999999,3.392987829,1.978289031,0.0,0.890601508,28.272706824,0.484704415,0.0,6.94061625,5.127447853,2.4630052840000003,0.0,0.484704415,1.008861521,8.930407728,1.008861521,20.117030177,8.209447982,0.0,0.0,0.96942751,27.164850943,12.156727721,0.0,0.0,1.454143763,11.680390198,8.839037688000001,0.0,2.5439585869999997,0.0,18.792456227,1.008861521,0.0,4.674662016,12.116756426,11.180534469,13.243435091000002,14.12516078,0.0,0.890601508,1.008861521,18.139049817,1.493565936,0.0,2.502362287,40.181793940999995,0.0,6.022148348,11.814580768999999,20.147164168,7.536403562,8.139308033999999,5.1741705940000005,8.693956655000001,1.978289031,0.484704415,0.0,0.0,2.6622186,33.414721144,0.0,1.860029018,45.27045058699999,0.0,0.0,3.1556167439999996,15.068056935000001,10.742491523999998,0.890601508,0.96942751,3.768213899,2.671808307,0.484704415,0.0,1.454143763,4.443468419,6.506852763,7.887715138,0.0,24.423759274,0.0,24.038593957,7.024575253,0.484704415,8.545265083,3.917090494,1.781249819,5.33184099,0.484704415,7.031009869,14.587634506999999,26.88046418,1.781249819,1.860029018,0.0,237.081508612,1.168652664,21.971054891,0.0,1.008861521,11.900627084,3.306764023,38.60980651300001,0.0,0.484704415,0.484704415,4.47541519,27.968361723,10.703109031,3.798830481,0.890601508,0.890601508,0.890601508,28.228783787,6.022148348,0.0,0.484704415,4.2048260299999995,9.475203351000001,0.0,1.493565936,0.0,10.583612172999999,0.054741784,0.077731407,0.116926006,0.156040073,0.002447184,0.024974352,0.0,0.085128075,0.014445687,0.0,0.203831926,0.0,1.001325163,0.0,0.048409627,0.031794221,1.047178804,0.020897989999999998,0.024698154000000003,0.026538507,3.0,3.0,"[[0, 2, 3], [1, 3, 4]]"
164x164,0.0,3.8593415110000002,31.060273871,16.800733654000002,1.6533570789999998,28.027667278,1.444950101,12.078561671,0.484704415,1.168652664,15.294349639,4.489326367,3.392987829,1.978289031,1.444950101,8.115489645,26.343788613999997,1.929654516,0.0,6.94061625,5.127447853,2.4630052840000003,0.0,0.484704415,2.453811622,2.90825938,2.453811622,21.561980278,9.654398083,0.0,0.0,0.96942751,30.054764944000002,15.046641722,0.0,0.0,1.454143763,11.680390198,8.839037688000001,0.0,2.5439585869999997,0.0,6.748780307,1.008861521,0.0,4.674662016,6.094608078,11.180534469,13.243435091000002,15.570110881,0.0,0.890601508,1.008861521,16.451847126999997,2.938516037,0.0,2.502362287,44.516739599,0.0,8.669855849,11.814580768999999,20.147164168,7.536403562,11.029222035,5.1741705940000005,2.671808307,1.978289031,1.929654516,0.0,0.0,2.6622186,9.324759354000001,0.0,3.3049791190000004,46.715400687999995,0.0,0.0,3.1556167439999996,19.403002593,10.742491523999998,0.890601508,0.96942751,6.6581279,2.671808307,0.484704415,0.0,1.454143763,5.88841852,0.484704415,7.887715138,0.0,30.203607939999998,0.0,25.483544058,7.024575253,1.929654516,8.545265083,5.362040595,1.781249819,5.33184099,0.484704415,1.008861521,12.658716296999998,26.88046418,1.781249819,1.860029018,0.0,199.733924882,1.168652664,37.867681231000006,0.0,1.008861521,20.570482932999997,3.306764023,35.47757216600001,0.0,0.484704415,1.929654516,4.47541519,24.836127376,10.703109031,5.243780582,0.890601508,0.890601508,0.890601508,20.520053524999998,0.0,0.0,1.929654516,5.649776130999999,10.920153452000001,1.444950101,1.493565936,0.0,10.583612172999999,0.052354382000000005,0.077731407,0.10945666300000001,0.152692816,0.0,0.024974352,0.0,0.085128075,0.014445687,0.0,0.203831926,0.0,1.2888333520000002,0.0,0.048409627,0.135054545,0.9220829890000002,0.326171506,0.024307053000000002,0.026538507,3.0,3.0,"[[0, 2, 3], [2, 3, 4]]"
165x165,0.891907941,2.889914001,29.459922552000002,15.831306144000003,0.0,48.71448912300001,1.444950101,13.475704261999999,0.53373384,0.0,13.735978529,8.931714161,1.601177567,1.008861521,1.9786839410000001,9.541131426,35.692760887999995,2.3368580420000002,0.0,1.781249819,5.4587927579999995,2.7926741450000003,0.0,0.0,3.5212853519999996,9.464141568,2.453811622,16.282784810000003,6.135765733,0.0,0.53373384,0.53373384,32.638120901,20.290097848000002,0.0,0.0,1.06747373,11.214878459,1.008861521,0.0,1.424335348,0.891907941,20.292484981,1.900769462,0.53373384,0.53373384,10.948103762,20.944665516999997,9.79615553,27.847112251000002,0.0,0.890601508,1.900769462,19.318378731,3.8794534030000003,1.425641781,2.017657872,49.458686686,0.891907941,17.185089705,12.348314608999999,10.745750929,7.123059130000001,7.104317669,4.689466179,8.693956655000001,1.900769462,1.444950101,0.0,0.53373384,1.008861521,30.088178082,0.53373384,2.3355516090000004,60.386118888,0.0,0.0,0.53373384,5.877541019,28.039619318999996,0.890601508,0.0,7.698017296000001,2.671808307,0.53373384,0.0,1.06747373,11.889874879,6.555882188,6.234358059,0.53373384,33.919209754,0.53373384,21.272552756,8.903263937,1.9786839410000001,6.355143916,7.088905711,2.314983659,5.878112657,0.0,7.031009869,23.049035138,0.0,3.382427386,0.890601508,0.0,215.793223872,0.53373384,35.201510868,0.891907941,1.008861521,20.437627583,0.0,36.634759572,0.0,0.891907941,1.444950101,0.0,23.526313244,13.420001314,12.139653423999999,0.890601508,3.025547043,1.424335348,34.544554992,7.089622078,0.0,3.404331772,4.827377487,8.568009231000001,1.444950101,1.008861521,8.897867656999999,24.050595348,0.028736252,0.062036512999999995,0.097936664,0.116784325,0.002447184,0.0,0.0,0.0,0.014445687,0.0,0.210691889,0.0,0.316917282,0.0,0.048409627,0.120832416,1.178135655,0.321072753,0.028073201000000002,0.026538507,3.0,3.0,"[[0, 2, 4], [0, 1, 2]]"
166x166,0.891907941,0.96942751,53.694730272,13.910819653,0.484704415,68.588216163,0.0,14.929848024999998,1.018438255,0.0,13.260455938,9.416418576,4.994165396,1.978289031,0.53373384,2.316243289,27.516802967,1.376612356,0.0,2.265954234,5.4587927579999995,4.246817908000001,0.0,0.484704415,2.0763352509999997,9.464141568,1.008861521,14.837834709000001,7.114391843,0.0,0.53373384,1.50316135,36.049335533000004,28.548050047,0.0,0.0,2.521617493,11.699582873999999,1.008861521,0.0,1.909039763,0.891907941,20.292484981,1.900769462,0.53373384,0.53373384,10.948103762,20.944665516999997,11.734955319,26.402162150000002,0.0,0.890601508,1.900769462,14.983433072999999,2.919207717,1.425641781,2.502362287,47.547317238999995,0.891907941,8.515233856,12.348314608999999,18.98570899,7.123059130000001,4.6991080830000005,5.1741705940000005,8.693956655000001,2.870196972,0.484704415,0.0,0.53373384,1.493565936,31.057605591999998,0.53373384,1.860029018,92.87128254699999,0.0,0.0,0.53373384,2.512022871,28.039619318999996,0.890601508,0.96942751,4.808103295,2.671808307,1.018438255,0.0,2.521617493,10.929629193,7.040586603,6.719062474,0.53373384,28.139361087999998,0.53373384,21.766402444,10.842063726,1.018438255,6.355143916,8.552184582999999,2.314983659,11.209953646999999,0.484704415,7.031009869,13.418981843,0.0,3.382427386,1.860029018,0.0,188.575602542,0.53373384,25.121361941000004,0.891907941,1.008861521,13.706571523000001,0.96942751,34.229549986,0.0,1.376612356,0.484704415,0.96942751,23.544628216,17.297644194,13.602932295999999,0.890601508,3.025547043,1.424335348,30.694313749,7.089622078,0.0,2.444086086,5.806003597,9.061858919,0.0,1.493565936,8.897867656999999,33.743606013000004,0.028736252,0.10367975399999999,0.101819343,0.144759996,0.002447184,0.023056926,0.0,0.085128075,0.014445687,0.0,0.210691889,0.0,0.6709813360000001,0.0,0.048409627,0.017572092,1.158481857,0.010231803,0.028073201000000002,0.026538507,3.0,3.0,"[[0, 2, 4], [0, 1, 3]]"
167x167,0.891907941,0.0,29.459922552000002,12.941392143000002,1.168652664,51.051825636000004,0.0,13.475704261999999,0.53373384,1.168652664,12.291028428,8.931714161,1.601177567,1.008861521,0.53373384,2.316243289,30.252665194,0.891907941,0.0,6.455911835,7.796129271,2.7926741450000003,0.0,0.0,2.0763352509999997,9.464141568,1.008861521,14.837834709000001,4.6908156320000005,0.0,0.53373384,0.53373384,33.254194580000004,17.400183847,0.0,0.0,1.06747373,12.383531123,6.852073608,0.0,2.592988012,0.891907941,21.461137645,1.900769462,0.53373384,5.208395856,12.116756426,23.282002029999997,9.79615553,26.402162150000002,0.0,0.890601508,1.900769462,16.152085737,2.434503302,1.425641781,2.017657872,48.629728707999995,0.891907941,8.515233856,12.348314608999999,17.757733576,7.123059130000001,4.214403668,4.689466179,8.693956655000001,1.900769462,0.0,0.0,0.53373384,2.1775141849999997,34.762840098,0.53373384,0.890601508,62.44715646699999,0.0,0.0,1.702386504,2.7112480249999997,28.039619318999996,0.890601508,0.0,4.808103295,2.671808307,0.53373384,0.0,1.06747373,11.613577442,6.555882188,7.4030107229999995,0.53373384,28.139361087999998,0.53373384,22.164939168,10.071916601,0.53373384,6.355143916,5.64395561,2.314983659,5.878112657,0.0,7.031009869,14.102930092,26.88046418,3.382427386,0.890601508,0.0,233.734832562,1.702386504,26.316867175000002,0.891907941,1.008861521,19.94834921,2.337336513,33.744845571,0.0,0.891907941,0.0,3.50598768,34.660898273,13.420001314,10.694703322999999,0.890601508,3.025547043,1.424335348,30.209609334,7.089622078,0.0,1.959381671,3.382427386,7.123059130000001,0.0,1.008861521,8.897867656999999,24.050595348,0.044689212,0.062036512999999995,0.11890744,0.168901617,0.002447184,0.001917426,0.0,0.0,0.014445687,0.0,0.210691889,0.0,0.389162013,0.0,0.048409627,0.032557036,1.22254515,0.010974409,0.029133528000000002,0.026538507,3.0,3.0,"[[0, 2, 4], [0, 1, 4]]"
168x168,0.891907941,3.8593415110000002,53.694730272,16.800733654000002,0.484704415,62.566067815000004,1.444950101,14.929848024999998,1.018438255,0.0,14.705406039,3.394270228,4.994165396,1.978289031,1.9786839410000001,9.541131426,25.587884756999998,2.821562457,0.0,2.265954234,5.4587927579999995,4.246817908000001,0.0,0.484704415,3.5212853519999996,3.44199322,2.453811622,16.282784810000003,8.559341944,0.0,0.53373384,1.50316135,38.939249534,31.437964048,0.0,0.0,2.521617493,11.699582873999999,1.008861521,0.0,1.909039763,0.891907941,8.248809061,1.900769462,0.53373384,0.53373384,4.925955414000001,20.944665516999997,11.734955319,27.847112251000002,0.0,0.890601508,1.900769462,13.296230382999997,4.364157818000001,1.425641781,2.502362287,51.882262897,0.891907941,11.162941357,12.348314608999999,18.98570899,7.123059130000001,7.589022084000001,5.1741705940000005,2.671808307,2.870196972,1.929654516,0.0,0.53373384,1.493565936,6.967643802,0.53373384,3.3049791190000004,94.316232648,0.0,0.0,0.53373384,6.846968529,28.039619318999996,0.890601508,0.96942751,7.698017296000001,2.671808307,1.018438255,0.0,2.521617493,12.374579294,1.018438255,6.719062474,0.53373384,33.919209754,0.53373384,23.211352545,10.842063726,2.4633883560000003,6.355143916,9.997134683999999,2.314983659,11.209953646999999,0.484704415,1.008861521,11.490063632999998,0.0,3.382427386,1.860029018,0.0,151.22801881200002,0.53373384,41.017988281,0.891907941,1.008861521,22.376427372000002,0.96942751,31.097315639,0.0,1.376612356,1.929654516,0.96942751,20.412393869,17.297644194,15.047882396999999,0.890601508,3.025547043,1.424335348,22.985583486999996,1.06747373,0.0,3.889036187,7.250953698,10.506809020000002,1.444950101,1.493565936,8.897867656999999,33.743606013000004,0.02634885,0.10367975399999999,0.09435000000000002,0.141412739,0.0,0.023056926,0.0,0.085128075,0.014445687,0.0,0.210691889,0.0,0.9584895250000001,0.0,0.048409627,0.120832416,1.033386042,0.315505319,0.0276821,0.026538507,3.0,3.0,"[[0, 2, 4], [0, 2, 3]]"
169x169,0.891907941,2.889914001,29.459922552000002,15.831306144000003,1.168652664,45.029677288,1.444950101,13.475704261999999,0.53373384,1.168652664,13.735978529,2.909565813,1.601177567,1.008861521,1.9786839410000001,9.541131426,28.323746983999996,2.3368580420000002,0.0,6.455911835,7.796129271,2.7926741450000003,0.0,0.0,3.5212853519999996,3.44199322,2.453811622,16.282784810000003,6.135765733,0.0,0.53373384,0.53373384,36.144108581,20.290097848000002,0.0,0.0,1.06747373,12.383531123,6.852073608,0.0,2.592988012,0.891907941,9.417461724999999,1.900769462,0.53373384,5.208395856,6.094608078,23.282002029999997,9.79615553,27.847112251000002,0.0,0.890601508,1.900769462,14.464883046999997,3.8794534030000003,1.425641781,2.017657872,52.964674366,0.891907941,11.162941357,12.348314608999999,17.757733576,7.123059130000001,7.104317669,4.689466179,2.671808307,1.900769462,1.444950101,0.0,0.53373384,2.1775141849999997,10.672878308000001,0.53373384,2.3355516090000004,63.892106567999996,0.0,0.0,1.702386504,7.046193682999999,28.039619318999996,0.890601508,0.0,7.698017296000001,2.671808307,0.53373384,0.0,1.06747373,13.058527543,0.53373384,7.4030107229999995,0.53373384,33.919209754,0.53373384,23.609889269,10.071916601,1.9786839410000001,6.355143916,7.088905711,2.314983659,5.878112657,0.0,1.008861521,12.174011881999999,26.88046418,3.382427386,0.890601508,0.0,196.387248832,1.702386504,42.213493514999996,0.891907941,1.008861521,28.618205059,2.337336513,30.612611224000002,0.0,0.891907941,1.444950101,3.50598768,31.528663926,13.420001314,12.139653423999999,0.890601508,3.025547043,1.424335348,22.500879071999996,1.06747373,0.0,3.404331772,4.827377487,8.568009231000001,1.444950101,1.008861521,8.897867656999999,24.050595348,0.042301809999999995,0.062036512999999995,0.11143809700000001,0.16555436,0.0,0.001917426,0.0,0.0,0.014445687,0.0,0.210691889,0.0,0.6766702019999999,0.0,0.048409627,0.13581736,1.097449335,0.316247925,0.028742427,0.026538507,3.0,3.0,"[[0, 2, 4], [0, 2, 4]]"
170x170,0.891907941,0.96942751,53.694730272,13.910819653,1.6533570789999998,64.90340432800001,0.0,14.929848024999998,1.018438255,1.168652664,13.260455938,3.394270228,4.994165396,1.978289031,0.53373384,2.316243289,20.147789062999998,1.376612356,0.0,6.94061625,7.796129271,4.246817908000001,0.0,0.484704415,2.0763352509999997,3.44199322,1.008861521,14.837834709000001,7.114391843,0.0,0.53373384,1.50316135,39.555323213,28.548050047,0.0,0.0,2.521617493,12.868235537999999,6.852073608,0.0,3.0776924269999997,0.891907941,9.417461724999999,1.900769462,0.53373384,5.208395856,6.094608078,23.282002029999997,11.734955319,26.402162150000002,0.0,0.890601508,1.900769462,10.129937388999998,2.919207717,1.425641781,2.502362287,51.05330491899999,0.891907941,2.493085508,12.348314608999999,25.997691637,7.123059130000001,4.6991080830000005,5.1741705940000005,2.671808307,2.870196972,0.484704415,0.0,0.53373384,2.6622186,11.642305818,0.53373384,1.860029018,96.377270227,0.0,0.0,1.702386504,3.6806755349999998,28.039619318999996,0.890601508,0.96942751,4.808103295,2.671808307,1.018438255,0.0,2.521617493,12.098281857,1.018438255,7.887715138,0.53373384,28.139361087999998,0.53373384,24.103738957,12.010716389999999,1.018438255,6.355143916,8.552184582999999,2.314983659,11.209953646999999,0.484704415,1.008861521,2.5439585869999997,26.88046418,3.382427386,1.860029018,0.0,169.16962750199997,1.702386504,32.133344588,0.891907941,1.008861521,21.887148999,3.306764023,28.207401638,0.0,1.376612356,0.484704415,4.47541519,31.546978898,17.297644194,13.602932295999999,0.890601508,3.025547043,1.424335348,18.650637828999997,1.06747373,0.0,2.444086086,5.806003597,9.061858919,0.0,1.493565936,8.897867656999999,33.743606013000004,0.042301809999999995,0.10367975399999999,0.11532077600000001,0.193530031,0.0,0.024974352,0.0,0.085128075,0.014445687,0.0,0.210691889,0.0,1.0307342560000001,0.0,0.048409627,0.032557036,1.077795537,0.005406975,0.028742427,0.026538507,3.0,3.0,"[[0, 2, 4], [0, 3, 4]]"
171x171,0.0,3.8593415110000002,38.532548012,16.800733654000002,0.484704415,49.859446603,1.444950101,13.146035400999999,1.018438255,0.0,12.921593415,8.524510634999999,4.994165396,1.978289031,1.9786839410000001,8.649223485,35.847748053000004,1.929654516,0.0,2.265954234,5.4587927579999995,2.4630052840000003,0.0,0.484704415,3.5212853519999996,9.464141568,2.453811622,16.282784810000003,7.667434003,0.0,0.53373384,1.50316135,29.127399828000005,22.518915863,0.0,0.0,2.521617493,10.807674933,1.008861521,0.0,1.909039763,0.0,20.292484981,1.008861521,0.53373384,0.53373384,10.948103762,20.052757575999998,9.951142695000001,27.847112251000002,0.0,0.890601508,1.008861521,19.318378731,3.472249877,0.53373384,2.502362287,44.7468425,0.0,16.293181764,12.348314608999999,15.418088631,6.231151189,7.589022084000001,5.1741705940000005,8.693956655000001,1.978289031,1.929654516,0.0,0.53373384,1.493565936,29.273792968,0.53373384,3.3049791190000004,74.695694268,0.0,0.0,0.53373384,6.846968529,12.877437058999998,0.890601508,0.96942751,6.806109355,2.671808307,1.018438255,0.0,2.521617493,10.59076667,7.040586603,6.719062474,0.53373384,30.351589394999998,0.53373384,20.535568401,9.058251102,2.4633883560000003,4.571331292,6.4295143249999995,2.314983659,8.534169503,0.484704415,7.031009869,23.533739553,0.0,3.382427386,1.860029018,0.0,207.21878468199998,0.53373384,32.990644119,0.0,1.008861521,13.457379187,0.96942751,33.55184362800001,0.0,0.484704415,1.929654516,0.96942751,17.515494032,12.838054566,7.912462,0.890601508,3.025547043,1.424335348,33.245446783000006,7.089622078,0.0,2.997128246,7.250953698,9.614901079,1.444950101,1.493565936,8.005959716,21.257082933,0.002387402,0.098100511,0.089165151,0.117508378,0.002447184,0.023056926,0.0,0.085128075,0.014445687,0.0,0.196453838,0.0,0.9290804320000001,0.0,0.048409627,0.120069601,0.9721397870000001,0.321072753,0.028073201000000002,0.026538507,3.0,3.0,"[[0, 2, 4], [1, 2, 3]]"
172x172,0.0,2.889914001,14.297740292,15.831306144000003,1.168652664,32.323056076,1.444950101,11.691891638,0.53373384,1.168652664,11.952165905000001,8.03980622,1.601177567,1.008861521,1.9786839410000001,8.649223485,38.58361028,1.444950101,0.0,6.455911835,7.796129271,1.008861521,0.0,0.0,3.5212853519999996,9.464141568,2.453811622,16.282784810000003,5.243857792,0.0,0.53373384,0.53373384,26.332258875000004,11.371049663,0.0,0.0,1.06747373,11.491623182,6.852073608,0.0,2.592988012,0.0,21.461137645,1.008861521,0.53373384,5.208395856,12.116756426,22.390094088999998,8.012342906,27.847112251000002,0.0,0.890601508,1.008861521,20.487031395,2.987545462,0.53373384,2.017657872,45.829253969,0.0,16.293181764,12.348314608999999,14.190113217,6.231151189,7.104317669,4.689466179,8.693956655000001,1.008861521,1.444950101,0.0,0.53373384,2.1775141849999997,32.979027474,0.53373384,2.3355516090000004,44.271568187999996,0.0,0.0,1.702386504,7.046193682999999,12.877437058999998,0.890601508,0.0,6.806109355,2.671808307,0.53373384,0.0,1.06747373,11.274714919000001,6.555882188,7.4030107229999995,0.53373384,30.351589394999998,0.53373384,20.934105125,8.288103977,1.9786839410000001,4.571331292,3.5212853519999996,2.314983659,3.202328513,0.0,7.031009869,24.217687802,26.88046418,3.382427386,0.890601508,0.0,252.37801470199997,1.702386504,34.186149353000005,0.0,1.008861521,19.699156874,2.337336513,33.067139213000004,0.0,0.0,1.444950101,3.50598768,28.631764089,8.960411686,5.004233027,0.890601508,3.025547043,1.424335348,32.760742368,7.089622078,0.0,2.512423831,4.827377487,7.67610129,1.444950101,1.008861521,8.005959716,11.564072268,0.018340362,0.05645727,0.106253248,0.141649999,0.002447184,0.001917426,0.0,0.0,0.014445687,0.0,0.196453838,0.0,0.647261109,0.0,0.048409627,0.135054545,1.0362030800000002,0.32181535899999997,0.029133528000000002,0.026538507,3.0,3.0,"[[0, 2, 4], [1, 2, 4]]"
173x173,0.0,0.96942751,38.532548012,13.910819653,1.6533570789999998,52.196783116,0.0,13.146035400999999,1.018438255,1.168652664,11.476643314,8.524510634999999,4.994165396,1.978289031,0.53373384,1.424335348,30.407652359,0.484704415,0.0,6.94061625,7.796129271,2.4630052840000003,0.0,0.484704415,2.0763352509999997,9.464141568,1.008861521,14.837834709000001,6.2224839020000005,0.0,0.53373384,1.50316135,29.743473507000004,19.629001862,0.0,0.0,2.521617493,11.976327597,6.852073608,0.0,3.0776924269999997,0.0,21.461137645,1.008861521,0.53373384,5.208395856,12.116756426,22.390094088999998,9.951142695000001,26.402162150000002,0.0,0.890601508,1.008861521,16.152085737,2.027299776,0.53373384,2.502362287,43.917884521999994,0.0,7.623325915,12.348314608999999,22.430071278,6.231151189,4.6991080830000005,5.1741705940000005,8.693956655000001,1.978289031,0.484704415,0.0,0.53373384,2.6622186,33.948454984,0.53373384,1.860029018,76.756731847,0.0,0.0,1.702386504,3.6806755349999998,12.877437058999998,0.890601508,0.96942751,3.916195354,2.671808307,1.018438255,0.0,2.521617493,10.314469233,7.040586603,7.887715138,0.53373384,24.571740729,0.53373384,21.427954813,10.226903766,1.018438255,4.571331292,4.984564224,2.314983659,8.534169503,0.484704415,7.031009869,14.587634506999999,26.88046418,3.382427386,1.860029018,0.0,225.160393372,1.702386504,24.106000426,0.0,1.008861521,12.968100814,3.306764023,30.661929627000003,0.0,0.484704415,0.484704415,4.47541519,28.650079061,12.838054566,6.467511899,0.890601508,3.025547043,1.424335348,28.910501125,7.089622078,0.0,1.5521781449999998,5.806003597,8.169950978,0.0,1.493565936,8.005959716,21.257082933,0.018340362,0.098100511,0.110135927,0.16962567,0.002447184,0.024974352,0.0,0.085128075,0.014445687,0.0,0.196453838,0.0,1.001325163,0.0,0.048409627,0.031794221,1.0165492820000002,0.010974409,0.029133528000000002,0.026538507,3.0,3.0,"[[0, 2, 4], [1, 3, 4]]"
174x174,0.0,3.8593415110000002,38.532548012,16.800733654000002,1.6533570789999998,46.174634768,1.444950101,13.146035400999999,1.018438255,1.168652664,12.921593415,2.502362287,4.994165396,1.978289031,1.9786839410000001,8.649223485,28.478734148999997,1.929654516,0.0,6.94061625,7.796129271,2.4630052840000003,0.0,0.484704415,3.5212853519999996,3.44199322,2.453811622,16.282784810000003,7.667434003,0.0,0.53373384,1.50316135,32.633387508000006,22.518915863,0.0,0.0,2.521617493,11.976327597,6.852073608,0.0,3.0776924269999997,0.0,9.417461724999999,1.008861521,0.53373384,5.208395856,6.094608078,22.390094088999998,9.951142695000001,27.847112251000002,0.0,0.890601508,1.008861521,14.464883046999997,3.472249877,0.53373384,2.502362287,48.25283018,0.0,10.271033416,12.348314608999999,22.430071278,6.231151189,7.589022084000001,5.1741705940000005,2.671808307,1.978289031,1.929654516,0.0,0.53373384,2.6622186,9.858493194000001,0.53373384,3.3049791190000004,78.201681948,0.0,0.0,1.702386504,8.015621193,12.877437058999998,0.890601508,0.96942751,6.806109355,2.671808307,1.018438255,0.0,2.521617493,11.759419334,1.018438255,7.887715138,0.53373384,30.351589394999998,0.53373384,22.872904914,10.226903766,2.4633883560000003,4.571331292,6.4295143249999995,2.314983659,8.534169503,0.484704415,1.008861521,12.658716296999998,26.88046418,3.382427386,1.860029018,0.0,187.812809642,1.702386504,40.002626766000006,0.0,1.008861521,21.637956663,3.306764023,27.529695280000002,0.0,0.484704415,1.929654516,4.47541519,25.517844714,12.838054566,7.912462,0.890601508,3.025547043,1.424335348,21.201770862999997,1.06747373,0.0,2.997128246,7.250953698,9.614901079,1.444950101,1.493565936,8.005959716,21.257082933,0.01595296,0.098100511,0.102666584,0.166278413,0.0,0.024974352,0.0,0.085128075,0.014445687,0.0,0.196453838,0.0,1.2888333520000002,0.0,0.048409627,0.135054545,0.8914534670000002,0.316247925,0.028742427,0.026538507,3.0,3.0,"[[0, 2, 4], [2, 3, 4]]"
175x175,0.891907941,2.889914001,27.678672733,6.925267907,0.0,46.933239304000004,1.444950101,9.913234490999999,0.53373384,0.0,8.803874083,10.918678241,1.601177567,1.008861521,1.9786839410000001,8.650529918,32.130291117,2.3368580420000002,0.0,0.0,3.677542939,2.7926741450000003,0.0,0.0,3.5212853519999996,8.57354006,2.453811622,17.105724737000003,6.341479994,0.0,0.53373384,0.53373384,33.255433227,20.290097848000002,0.0,0.0,1.06747373,15.18881225,2.995825601,0.0,0.53373384,0.891907941,16.730015209999998,1.900769462,0.53373384,0.53373384,10.057502254,19.163415698,10.413467855999999,27.847112251000002,0.0,0.0,1.900769462,20.414741302999996,3.8794534030000003,1.425641781,2.017657872,26.304078346,0.891907941,17.185089705,2.551391712,11.842113501,7.53452315,8.406443153000001,2.017657872,6.022148348,1.900769462,1.444950101,0.0,0.53373384,1.008861521,27.416369775,0.53373384,1.444950101,58.604869069,0.0,0.0,2.52069792,17.798656259,25.367811011999997,0.0,0.0,7.903731557,0.0,0.53373384,0.0,1.06747373,10.10862506,6.555882188,0.0,0.53373384,22.547973784,0.53373384,19.423506745,8.012662428999999,1.9786839410000001,6.766607936000001,7.088905711,0.53373384,5.878112657,0.0,7.031009869,22.158433629999998,0.0,1.601177567,0.0,0.0,227.714339112,0.53373384,28.076573908999997,0.891907941,1.008861521,18.656377764,0.0,36.567132674,0.0,0.891907941,1.444950101,0.0,25.513277324,11.638751495000001,11.249051915999999,0.0,2.134945535,0.53373384,25.844600992,7.089622078,0.0,3.404331772,3.046127668,8.979473251,1.444950101,1.008861521,8.897867656999999,23.15999384,0.06513767399999999,0.049223903,0.12058566300000001,0.094336696,0.002447184,0.0,0.0,0.0,0.014445687,0.0,0.11915776400000001,0.0,0.316917282,0.0,0.0,0.120832416,1.198469875,0.335660703,0.044718133,0.018258397,3.0,3.0,"[[0, 3, 4], [0, 1, 2]]"
176x176,0.891907941,0.96942751,51.913480453,5.004781416,0.484704415,66.806966344,0.0,11.367378253999998,1.018438255,0.0,8.328351492,11.403382656,4.994165396,1.978289031,0.53373384,1.425641781,23.954333196,1.376612356,0.0,0.484704415,3.677542939,4.246817908000001,0.0,0.484704415,2.0763352509999997,8.57354006,1.008861521,15.660774636000001,7.320106104000001,0.0,0.53373384,1.50316135,36.666647859,28.548050047,0.0,0.0,2.521617493,15.673516665,2.995825601,0.0,1.018438255,0.891907941,16.730015209999998,1.900769462,0.53373384,0.53373384,10.057502254,19.163415698,12.352267644999998,26.402162150000002,0.0,0.0,1.900769462,16.079795644999997,2.919207717,1.425641781,2.502362287,24.392708899000002,0.891907941,8.515233856,2.551391712,20.082071562,7.53452315,6.001233567000001,2.502362287,6.022148348,2.870196972,0.484704415,0.0,0.53373384,1.493565936,28.385797285,0.53373384,0.96942751,91.090032728,0.0,0.0,2.52069792,14.433138111000002,25.367811011999997,0.0,0.96942751,5.013817556,0.0,1.018438255,0.0,2.521617493,9.148379374,7.040586603,0.484704415,0.53373384,16.768125118,0.53373384,19.917356433000002,9.951462218,1.018438255,6.766607936000001,8.552184582999999,0.53373384,11.209953646999999,0.484704415,7.031009869,12.528380335,0.0,1.601177567,0.96942751,0.0,200.49671778200002,0.53373384,17.996424982,0.891907941,1.008861521,11.925321703999998,0.96942751,34.161923088,0.0,1.376612356,0.484704415,0.96942751,25.531592296,15.516394375,12.712330788,0.0,2.134945535,0.53373384,21.994359749,7.089622078,0.0,2.444086086,4.024753778,9.473322938999999,0.0,1.493565936,8.897867656999999,32.853004505,0.06513767399999999,0.090867144,0.12446834200000001,0.122312367,0.002447184,0.023056926,0.0,0.085128075,0.014445687,0.0,0.11915776400000001,0.0,0.6709813360000001,0.0,0.0,0.017572092,1.178816077,0.024819753,0.044718133,0.018258397,3.0,3.0,"[[0, 3, 4], [0, 1, 3]]"
177x177,0.891907941,0.0,27.678672733,4.035353906,1.168652664,49.270575817,0.0,9.913234490999999,0.53373384,1.168652664,7.358923982,10.918678241,1.601177567,1.008861521,0.53373384,1.425641781,26.690195423,0.891907941,0.0,4.674662016,6.014879452,2.7926741450000003,0.0,0.0,2.0763352509999997,8.57354006,1.008861521,15.660774636000001,4.896529893,0.0,0.53373384,0.53373384,33.871506906,17.400183847,0.0,0.0,1.06747373,16.357464914,8.839037688000001,0.0,1.702386504,0.891907941,17.898667873999997,1.900769462,0.53373384,5.208395856,11.226154917999999,21.500752211000002,10.413467855999999,26.402162150000002,0.0,0.0,1.900769462,17.248448308999997,2.434503302,1.425641781,2.017657872,25.475120368000002,0.891907941,8.515233856,2.551391712,18.854096148,7.53452315,5.516529152,2.017657872,6.022148348,1.900769462,0.0,0.0,0.53373384,2.1775141849999997,32.091031791,0.53373384,0.0,60.665906647999996,0.0,0.0,3.6893505839999996,14.632363265,25.367811011999997,0.0,0.0,5.013817556,0.0,0.53373384,0.0,1.06747373,9.832327623,6.555882188,1.168652664,0.53373384,16.768125118,0.53373384,20.315893157,9.181315092999998,0.53373384,6.766607936000001,5.64395561,0.53373384,5.878112657,0.0,7.031009869,13.212328584,26.88046418,1.601177567,0.0,0.0,245.65594780200001,1.702386504,19.191930216,0.891907941,1.008861521,18.167099391,2.337336513,33.677218673,0.0,0.891907941,0.0,3.50598768,36.647862353,11.638751495000001,9.804101815,0.0,2.134945535,0.53373384,21.509655334,7.089622078,0.0,1.959381671,1.601177567,7.53452315,0.0,1.008861521,8.897867656999999,23.15999384,0.081090634,0.049223903,0.141556439,0.146453988,0.002447184,0.001917426,0.0,0.0,0.014445687,0.0,0.11915776400000001,0.0,0.389162013,0.0,0.0,0.032557036,1.24287937,0.025562359,0.04577846,0.018258397,3.0,3.0,"[[0, 3, 4], [0, 1, 4]]"
178x178,0.891907941,3.8593415110000002,51.913480453,7.894695417,0.484704415,60.784817996,1.444950101,11.367378253999998,1.018438255,0.0,9.773301593,5.381234308000001,4.994165396,1.978289031,1.9786839410000001,8.650529918,22.025414986,2.821562457,0.0,0.484704415,3.677542939,4.246817908000001,0.0,0.484704415,3.5212853519999996,2.551391712,2.453811622,17.105724737000003,8.765056205,0.0,0.53373384,1.50316135,39.556561859999995,31.437964048,0.0,0.0,2.521617493,15.673516665,2.995825601,0.0,1.018438255,0.891907941,4.686339289999999,1.900769462,0.53373384,0.53373384,4.035353906,19.163415698,12.352267644999998,27.847112251000002,0.0,0.0,1.900769462,14.392592954999998,4.364157818000001,1.425641781,2.502362287,28.727654557,0.891907941,11.162941357,2.551391712,20.082071562,7.53452315,8.891147568000001,2.502362287,0.0,2.870196972,1.929654516,0.0,0.53373384,1.493565936,4.295835495,0.53373384,2.414377611,92.534982829,0.0,0.0,2.52069792,18.768083769,25.367811011999997,0.0,0.96942751,7.903731557,0.0,1.018438255,0.0,2.521617493,10.593329474999999,1.018438255,0.484704415,0.53373384,22.547973784,0.53373384,21.362306534000002,9.951462218,2.4633883560000003,6.766607936000001,9.997134683999999,0.53373384,11.209953646999999,0.484704415,1.008861521,10.599462124999999,0.0,1.601177567,0.96942751,0.0,163.149134052,0.53373384,33.893051322,0.891907941,1.008861521,20.595177553,0.96942751,31.029688741,0.0,1.376612356,1.929654516,0.96942751,22.399357949,15.516394375,14.157280888999999,0.0,2.134945535,0.53373384,14.285629486999998,1.06747373,0.0,3.889036187,5.469703879,10.918273039999999,1.444950101,1.493565936,8.897867656999999,32.853004505,0.062750272,0.090867144,0.11699899900000002,0.11896511,0.0,0.023056926,0.0,0.085128075,0.014445687,0.0,0.11915776400000001,0.0,0.9584895250000001,0.0,0.0,0.120832416,1.0537202620000001,0.330093269,0.044327032,0.018258397,3.0,3.0,"[[0, 3, 4], [0, 2, 3]]"
179x179,0.891907941,2.889914001,27.678672733,6.925267907,1.168652664,43.248427469,1.444950101,9.913234490999999,0.53373384,1.168652664,8.803874083,4.896529893,1.601177567,1.008861521,1.9786839410000001,8.650529918,24.761277213,2.3368580420000002,0.0,4.674662016,6.014879452,2.7926741450000003,0.0,0.0,3.5212853519999996,2.551391712,2.453811622,17.105724737000003,6.341479994,0.0,0.53373384,0.53373384,36.761420906999994,20.290097848000002,0.0,0.0,1.06747373,16.357464914,8.839037688000001,0.0,1.702386504,0.891907941,5.854991953999999,1.900769462,0.53373384,5.208395856,5.20400657,21.500752211000002,10.413467855999999,27.847112251000002,0.0,0.0,1.900769462,15.561245618999997,3.8794534030000003,1.425641781,2.017657872,29.810066026,0.891907941,11.162941357,2.551391712,18.854096148,7.53452315,8.406443153000001,2.017657872,0.0,1.900769462,1.444950101,0.0,0.53373384,2.1775141849999997,8.001070001,0.53373384,1.444950101,62.110856749,0.0,0.0,3.6893505839999996,18.967308923,25.367811011999997,0.0,0.0,7.903731557,0.0,0.53373384,0.0,1.06747373,11.277277724,0.53373384,1.168652664,0.53373384,22.547973784,0.53373384,21.760843258,9.181315092999998,1.9786839410000001,6.766607936000001,7.088905711,0.53373384,5.878112657,0.0,1.008861521,11.283410373999999,26.88046418,1.601177567,0.0,0.0,208.308364072,1.702386504,35.088556556,0.891907941,1.008861521,26.836955239999998,2.337336513,30.544984326,0.0,0.891907941,1.444950101,3.50598768,33.515628006,11.638751495000001,11.249051915999999,0.0,2.134945535,0.53373384,13.800925071999998,1.06747373,0.0,3.404331772,3.046127668,8.979473251,1.444950101,1.008861521,8.897867656999999,23.15999384,0.078703232,0.049223903,0.13408709600000002,0.143106731,0.0,0.001917426,0.0,0.0,0.014445687,0.0,0.11915776400000001,0.0,0.6766702019999999,0.0,0.0,0.13581736,1.1177835550000002,0.330835875,0.045387359,0.018258397,3.0,3.0,"[[0, 3, 4], [0, 2, 4]]"
180x180,0.891907941,0.96942751,51.913480453,5.004781416,1.6533570789999998,63.122154509,0.0,11.367378253999998,1.018438255,1.168652664,8.328351492,5.381234308000001,4.994165396,1.978289031,0.53373384,1.425641781,16.585319291999998,1.376612356,0.0,5.1593664310000005,6.014879452,4.246817908000001,0.0,0.484704415,2.0763352509999997,2.551391712,1.008861521,15.660774636000001,7.320106104000001,0.0,0.53373384,1.50316135,40.172635539,28.548050047,0.0,0.0,2.521617493,16.842169329,8.839037688000001,0.0,2.187090919,0.891907941,5.854991953999999,1.900769462,0.53373384,5.208395856,5.20400657,21.500752211000002,12.352267644999998,26.402162150000002,0.0,0.0,1.900769462,11.226299960999999,2.919207717,1.425641781,2.502362287,27.898696579000003,0.891907941,2.493085508,2.551391712,27.094054209,7.53452315,6.001233567000001,2.502362287,0.0,2.870196972,0.484704415,0.0,0.53373384,2.6622186,8.970497511000001,0.53373384,0.96942751,94.596020408,0.0,0.0,3.6893505839999996,15.601790775000001,25.367811011999997,0.0,0.96942751,5.013817556,0.0,1.018438255,0.0,2.521617493,10.317032037999999,1.018438255,1.6533570789999998,0.53373384,16.768125118,0.53373384,22.254692946000002,11.120114882,1.018438255,6.766607936000001,8.552184582999999,0.53373384,11.209953646999999,0.484704415,1.008861521,1.6533570789999998,26.88046418,1.601177567,0.96942751,0.0,181.09074274199997,1.702386504,25.008407629,0.891907941,1.008861521,20.105899179999998,3.306764023,28.13977474,0.0,1.376612356,0.484704415,4.47541519,33.533942978,15.516394375,12.712330788,0.0,2.134945535,0.53373384,9.950683828999999,1.06747373,0.0,2.444086086,4.024753778,9.473322938999999,0.0,1.493565936,8.897867656999999,32.853004505,0.078703232,0.090867144,0.13796977500000002,0.17108240200000002,0.0,0.024974352,0.0,0.085128075,0.014445687,0.0,0.11915776400000001,0.0,1.0307342560000001,0.0,0.0,0.032557036,1.0981297570000002,0.019994925,0.045387359,0.018258397,3.0,3.0,"[[0, 3, 4], [0, 3, 4]]"
181x181,0.0,3.8593415110000002,36.751298193,7.894695417,0.484704415,48.078196784,1.444950101,9.583565629999999,1.018438255,0.0,7.989488969,10.511474714999999,4.994165396,1.978289031,1.9786839410000001,7.758621977,32.285278282,1.929654516,0.0,0.484704415,3.677542939,2.4630052840000003,0.0,0.484704415,3.5212853519999996,8.57354006,2.453811622,17.105724737000003,7.873148263999999,0.0,0.53373384,1.50316135,29.744712154000002,22.518915863,0.0,0.0,2.521617493,14.781608724,2.995825601,0.0,1.018438255,0.0,16.730015209999998,1.008861521,0.53373384,0.53373384,10.057502254,18.271507757000002,10.568455020999998,27.847112251000002,0.0,0.0,1.008861521,20.414741302999996,3.472249877,0.53373384,2.502362287,21.59223416,0.0,16.293181764,2.551391712,16.514451203,6.642615209,8.891147568000001,2.502362287,6.022148348,1.978289031,1.929654516,0.0,0.53373384,1.493565936,26.601984661,0.53373384,2.414377611,72.914444449,0.0,0.0,2.52069792,18.768083769,10.205628751999999,0.0,0.96942751,7.011823616,0.0,1.018438255,0.0,2.521617493,8.809516851,7.040586603,0.484704415,0.53373384,18.980353425,0.53373384,18.68652239,8.167649594,2.4633883560000003,4.982795312,6.4295143249999995,0.53373384,8.534169503,0.484704415,7.031009869,22.643138044999997,0.0,1.601177567,0.96942751,0.0,219.13989992199998,0.53373384,25.86570716,0.0,1.008861521,11.676129367999998,0.96942751,33.48421673000001,0.0,0.484704415,1.929654516,0.96942751,19.502458112,11.056804747000001,7.021860492,0.0,2.134945535,0.53373384,24.545492783,7.089622078,0.0,2.997128246,5.469703879,10.026365099,1.444950101,1.493565936,8.005959716,20.366481425,0.038788824,0.085287901,0.11181415,0.095060749,0.002447184,0.023056926,0.0,0.085128075,0.014445687,0.0,0.10491971300000001,0.0,0.9290804320000001,0.0,0.0,0.120069601,0.9924740070000001,0.335660703,0.044718133,0.018258397,3.0,3.0,"[[0, 3, 4], [1, 2, 3]]"
182x182,0.0,2.889914001,12.516490473000001,6.925267907,1.168652664,30.541806257,1.444950101,8.129421867,0.53373384,1.168652664,7.020061459,10.026770299999999,1.601177567,1.008861521,1.9786839410000001,7.758621977,35.021140509,1.444950101,0.0,4.674662016,6.014879452,1.008861521,0.0,0.0,3.5212853519999996,8.57354006,2.453811622,17.105724737000003,5.449572053,0.0,0.53373384,0.53373384,26.949571201,11.371049663,0.0,0.0,1.06747373,15.465556973,8.839037688000001,0.0,1.702386504,0.0,17.898667873999997,1.008861521,0.53373384,5.208395856,11.226154917999999,20.608844270000002,8.629655232,27.847112251000002,0.0,0.0,1.008861521,21.583393966999996,2.987545462,0.53373384,2.017657872,22.674645629,0.0,16.293181764,2.551391712,15.286475789,6.642615209,8.406443153000001,2.017657872,6.022148348,1.008861521,1.444950101,0.0,0.53373384,2.1775141849999997,30.307219167,0.53373384,1.444950101,42.490318369,0.0,0.0,3.6893505839999996,18.967308923,10.205628751999999,0.0,0.0,7.011823616,0.0,0.53373384,0.0,1.06747373,9.4934651,6.555882188,1.168652664,0.53373384,18.980353425,0.53373384,19.085059114,7.397502468999999,1.9786839410000001,4.982795312,3.5212853519999996,0.53373384,3.202328513,0.0,7.031009869,23.327086293999997,26.88046418,1.601177567,0.0,0.0,264.299129942,1.702386504,27.061212394,0.0,1.008861521,17.917907055,2.337336513,32.999512315000004,0.0,0.0,1.444950101,3.50598768,30.618728169,7.179161867,4.113631519,0.0,2.134945535,0.53373384,24.060788368,7.089622078,0.0,2.512423831,3.046127668,8.08756531,1.444950101,1.008861521,8.005959716,10.67347076,0.054741784,0.04364466,0.128902247,0.11920237,0.002447184,0.001917426,0.0,0.0,0.014445687,0.0,0.10491971300000001,0.0,0.647261109,0.0,0.0,0.135054545,1.0565373,0.336403309,0.04577846,0.018258397,3.0,3.0,"[[0, 3, 4], [1, 2, 4]]"
183x183,0.0,0.96942751,36.751298193,5.004781416,1.6533570789999998,50.415533296999996,0.0,9.583565629999999,1.018438255,1.168652664,6.544538868,10.511474714999999,4.994165396,1.978289031,0.53373384,0.53373384,26.845182588,0.484704415,0.0,5.1593664310000005,6.014879452,2.4630052840000003,0.0,0.484704415,2.0763352509999997,8.57354006,1.008861521,15.660774636000001,6.428198162999999,0.0,0.53373384,1.50316135,30.360785833,19.629001862,0.0,0.0,2.521617493,15.950261388,8.839037688000001,0.0,2.187090919,0.0,17.898667873999997,1.008861521,0.53373384,5.208395856,11.226154917999999,20.608844270000002,10.568455020999998,26.402162150000002,0.0,0.0,1.008861521,17.248448308999997,2.027299776,0.53373384,2.502362287,20.763276182000002,0.0,7.623325915,2.551391712,23.52643385,6.642615209,6.001233567000001,2.502362287,6.022148348,1.978289031,0.484704415,0.0,0.53373384,2.6622186,31.276646677,0.53373384,0.96942751,74.975482028,0.0,0.0,3.6893505839999996,15.601790775000001,10.205628751999999,0.0,0.96942751,4.121909615,0.0,1.018438255,0.0,2.521617493,8.533219414000001,7.040586603,1.6533570789999998,0.53373384,13.200504759,0.53373384,19.578908802,9.336302258,1.018438255,4.982795312,4.984564224,0.53373384,8.534169503,0.484704415,7.031009869,13.697032999,26.88046418,1.601177567,0.96942751,0.0,237.081508612,1.702386504,16.981063467,0.0,1.008861521,11.186850995,3.306764023,30.594302729000002,0.0,0.484704415,0.484704415,4.47541519,30.637043141,11.056804747000001,5.576910391,0.0,2.134945535,0.53373384,20.210547125,7.089622078,0.0,1.5521781449999998,4.024753778,8.581414998,0.0,1.493565936,8.005959716,20.366481425,0.054741784,0.085287901,0.132784926,0.147178041,0.002447184,0.024974352,0.0,0.085128075,0.014445687,0.0,0.10491971300000001,0.0,1.001325163,0.0,0.0,0.031794221,1.036883502,0.025562359,0.04577846,0.018258397,3.0,3.0,"[[0, 3, 4], [1, 3, 4]]"
184x184,0.0,3.8593415110000002,36.751298193,7.894695417,1.6533570789999998,44.393384948999994,1.444950101,9.583565629999999,1.018438255,1.168652664,7.989488969,4.489326367,4.994165396,1.978289031,1.9786839410000001,7.758621977,24.916264378,1.929654516,0.0,5.1593664310000005,6.014879452,2.4630052840000003,0.0,0.484704415,3.5212853519999996,2.551391712,2.453811622,17.105724737000003,7.873148263999999,0.0,0.53373384,1.50316135,33.250699834,22.518915863,0.0,0.0,2.521617493,15.950261388,8.839037688000001,0.0,2.187090919,0.0,5.854991953999999,1.008861521,0.53373384,5.208395856,5.20400657,20.608844270000002,10.568455020999998,27.847112251000002,0.0,0.0,1.008861521,15.561245618999997,3.472249877,0.53373384,2.502362287,25.09822184,0.0,10.271033416,2.551391712,23.52643385,6.642615209,8.891147568000001,2.502362287,0.0,1.978289031,1.929654516,0.0,0.53373384,2.6622186,7.186684887,0.53373384,2.414377611,76.420432129,0.0,0.0,3.6893505839999996,19.936736433,10.205628751999999,0.0,0.96942751,7.011823616,0.0,1.018438255,0.0,2.521617493,9.978169515,1.018438255,1.6533570789999998,0.53373384,18.980353425,0.53373384,21.023858903,9.336302258,2.4633883560000003,4.982795312,6.4295143249999995,0.53373384,8.534169503,0.484704415,1.008861521,11.768114788999998,26.88046418,1.601177567,0.96942751,0.0,199.733924882,1.702386504,32.877689806999996,0.0,1.008861521,19.856706843999998,3.306764023,27.462068382,0.0,0.484704415,1.929654516,4.47541519,27.504808794,11.056804747000001,7.021860492,0.0,2.134945535,0.53373384,12.501816862999998,1.06747373,0.0,2.997128246,5.469703879,10.026365099,1.444950101,1.493565936,8.005959716,20.366481425,0.052354382000000005,0.085287901,0.125315583,0.143830784,0.0,0.024974352,0.0,0.085128075,0.014445687,0.0,0.10491971300000001,0.0,1.2888333520000002,0.0,0.0,0.135054545,0.9117876870000001,0.330835875,0.045387359,0.018258397,3.0,3.0,"[[0, 3, 4], [2, 3, 4]]"
185x185,0.891907941,2.889914001,16.943432079,26.935821038,0.630872464,27.163040191,1.444950101,8.500698565,1.261778128,0.0,20.525000939999998,8.901020369,0.630872464,0.0,1.444950101,11.530944027,31.920982212,2.967730506,0.630872464,1.781249819,4.935665989,2.414685088,0.630872464,0.0,4.599366271,20.792649425999997,2.075822565,20.934030133,6.105071941,0.630872464,0.0,0.0,36.623981039,12.439834649999998,0.0,0.0,0.630872464,6.12761986,1.98696408,0.630872464,0.890601508,1.522780405,16.867923818999998,0.891907941,0.0,0.0,8.805427239,5.827573930000001,14.350226054,41.192359241000005,0.0,0.890601508,0.891907941,27.114559163999996,2.967730506,0.891907941,9.46405467,49.764843195,0.891907941,16.214784601999998,12.951339067,10.230495095,10.320988886,21.522391739,6.457117455000001,8.693956655000001,0.891907941,2.075822565,0.630872464,0.0,0.0,30.438260104,0.630872464,2.9664240729999998,24.108516427999998,0.0,0.0,7.0341037559999995,16.886933362,21.619299715,0.890601508,0.630872464,15.120611636,3.933586435,0.0,0.0,0.630872464,6.271790672,6.022148348,6.865230523,2.523546441,31.001499160999998,0.0,30.697944485,5.1979605730000005,2.7067282290000003,11.843762627,5.643442924,4.30479626,3.306656608,1.261778128,8.545694789,23.679907602,0.0,2.412122283,0.890601508,0.0,225.69668123999998,3.15441617,37.988715452,2.784585324,1.892677383,19.370153852999998,0.0,32.228372526,0.0,0.891907941,1.444950101,0.0,23.603383762,10.026148594999999,10.10184447,1.521473972,0.890601508,0.890601508,40.300371032,6.022148348,0.0,2.3368580420000002,3.22619992,12.396808045,1.444950101,0.0,0.891907941,13.377124588,0.06513767399999999,0.019119389,0.10234257199999999,0.125892647,0.002447184,0.0,0.0,0.0,0.0,0.0,0.207829884,0.0,0.380376892,0.0,0.121200327,0.104023139,1.205226852,0.330996334,0.017036033000000003,0.026605331,3.0,3.0,"[[1, 2, 3], [0, 1, 2]]"
186x186,0.891907941,0.96942751,41.178239798999996,25.015334547,1.115576879,47.036767231,0.0,9.954842328,1.746482543,0.0,20.049478348999997,9.385724783999999,4.023860293,0.96942751,0.0,4.3060558900000006,23.745024291,2.00748482,0.630872464,2.265954234,4.935665989,3.868828851,0.630872464,0.484704415,3.15441617,20.792649425999997,0.630872464,19.489080032,7.083698051000001,0.630872464,0.0,0.96942751,40.035195671,20.697786848999996,0.0,0.0,2.085016227,6.612324275000001,1.98696408,0.630872464,1.375305923,1.522780405,16.867923818999998,0.891907941,0.0,0.0,8.805427239,5.827573930000001,16.289025843,39.74740914,0.0,0.890601508,0.891907941,22.779613505999997,2.00748482,0.891907941,9.948759084999999,47.85347374799999,0.891907941,7.544928753,12.951339067,18.470453155999998,10.320988886,19.117182152999998,6.941821870000001,8.693956655000001,1.861335451,1.115576879,0.630872464,0.0,0.484704415,31.407687614,0.630872464,2.490901482,56.593680086999996,0.0,0.0,7.0341037559999995,13.521415214000001,21.619299715,0.890601508,1.600299974,12.230697634999999,3.933586435,0.484704415,0.0,2.085016227,5.311544986,6.506852763,7.3499349380000005,2.523546441,25.221650495,0.0,31.191794173,7.136760362,1.746482543,11.843762627,7.106721796,4.30479626,8.638497598,1.746482543,8.545694789,14.049854307,0.0,2.412122283,1.860029018,0.0,198.47905991,3.15441617,27.908566525000005,2.784585324,1.892677383,12.639097792999998,0.96942751,29.82316294,0.0,1.376612356,0.484704415,0.96942751,23.621698734,13.903791474999998,11.565123342,1.521473972,0.890601508,0.890601508,36.450129789,6.022148348,0.0,1.376612356,4.2048260299999995,12.890657733000001,0.0,0.484704415,0.891907941,23.070135252999997,0.06513767399999999,0.06076263,0.10622525099999999,0.153868318,0.002447184,0.023056926,0.0,0.085128075,0.0,0.0,0.207829884,0.0,0.7344409460000001,0.0,0.121200327,0.000762815,1.185573054,0.020155384,0.017036033000000003,0.026605331,3.0,3.0,"[[1, 2, 3], [0, 1, 3]]"
187x187,0.891907941,0.0,16.943432079,24.045907037,1.799525128,29.500376704,0.0,8.500698565,1.261778128,1.168652664,19.080050839,8.901020369,0.630872464,0.0,0.0,4.3060558900000006,26.480886518,1.522780405,0.630872464,6.455911835,7.273002502000001,2.414685088,0.630872464,0.0,3.15441617,20.792649425999997,0.630872464,19.489080032,4.66012184,0.630872464,0.0,0.0,37.240054717999996,9.549920648999999,0.0,0.0,0.630872464,7.296272524,7.830176167,0.630872464,2.059254172,1.522780405,18.036576482999997,0.891907941,0.0,4.674662016,9.974079903,8.164910443,14.350226054,39.74740914,0.0,0.890601508,0.891907941,23.948266169999997,1.522780405,0.891907941,9.46405467,48.93588521699999,0.891907941,7.544928753,12.951339067,17.242477742,10.320988886,18.632477738,6.457117455000001,8.693956655000001,0.891907941,0.630872464,0.630872464,0.0,1.168652664,35.11292212,0.630872464,1.521473972,26.169554007,0.0,0.0,8.20275642,13.720640368,21.619299715,0.890601508,0.630872464,12.230697634999999,3.933586435,0.0,0.0,0.630872464,5.995493235,6.022148348,8.033883187,2.523546441,25.221650495,0.0,31.590330897,6.366613237,1.261778128,11.843762627,4.1984928230000005,4.30479626,3.306656608,1.261778128,8.545694789,14.733802556,26.88046418,2.412122283,0.890601508,0.0,243.63828992999998,4.323068834,29.104071759000004,2.784585324,1.892677383,18.88087548,2.337336513,29.338458525,0.0,0.891907941,0.0,3.50598768,34.737968791,10.026148594999999,8.656894369,1.521473972,0.890601508,0.890601508,35.965425374,6.022148348,0.0,0.891907941,1.781249819,10.951857944,0.0,0.0,0.891907941,13.377124588,0.081090634,0.019119389,0.123313348,0.178009939,0.002447184,0.001917426,0.0,0.0,0.0,0.0,0.207829884,0.0,0.452621623,0.0,0.121200327,0.015747759,1.249636347,0.020897989999999998,0.018096360000000002,0.026605331,3.0,3.0,"[[1, 2, 3], [0, 1, 4]]"
188x188,0.891907941,3.8593415110000002,41.178239798999996,27.905248548,1.115576879,41.014618883,1.444950101,9.954842328,1.746482543,0.0,21.494428449999997,3.363576436,4.023860293,0.96942751,1.444950101,11.530944027,21.816106081,3.452434921,0.630872464,2.265954234,4.935665989,3.868828851,0.630872464,0.484704415,4.599366271,14.770501077999999,2.075822565,20.934030133,8.528648152,0.630872464,0.0,0.96942751,42.925109672,23.587700849999997,0.0,0.0,2.085016227,6.612324275000001,1.98696408,0.630872464,1.375305923,1.522780405,4.8242478989999995,0.891907941,0.0,0.0,2.783278891,5.827573930000001,16.289025843,41.192359241000005,0.0,0.890601508,0.891907941,21.092410815999997,3.452434921,0.891907941,9.948759084999999,52.188419405999994,0.891907941,10.192636254,12.951339067,18.470453155999998,10.320988886,22.007096154,6.941821870000001,2.671808307,1.861335451,2.56052698,0.630872464,0.0,0.484704415,7.317725824,0.630872464,3.935851583,58.038630188,0.0,0.0,7.0341037559999995,17.856360872,21.619299715,0.890601508,1.600299974,15.120611636,3.933586435,0.484704415,0.0,2.085016227,6.756495087,0.484704415,7.3499349380000005,2.523546441,31.001499160999998,0.0,32.636744274,7.136760362,3.1914326440000003,11.843762627,8.551671897,4.30479626,8.638497598,1.746482543,2.523546441,12.120936096999998,0.0,2.412122283,1.860029018,0.0,161.13147618,3.15441617,43.805192865,2.784585324,1.892677383,21.308953642,0.96942751,26.690928593,0.0,1.376612356,1.929654516,0.96942751,20.489464386999998,13.903791474999998,13.010073443,1.521473972,0.890601508,0.890601508,28.741399527,0.0,0.0,2.821562457,5.649776130999999,14.335607834000001,1.444950101,0.484704415,0.891907941,23.070135252999997,0.062750272,0.06076263,0.098755908,0.150521061,0.0,0.023056926,0.0,0.085128075,0.0,0.0,0.207829884,0.0,1.021949135,0.0,0.121200327,0.104023139,1.0604772390000001,0.3254289,0.016644932,0.026605331,3.0,3.0,"[[1, 2, 3], [0, 2, 3]]"
189x189,0.891907941,2.889914001,16.943432079,26.935821038,1.799525128,23.478228356,1.444950101,8.500698565,1.261778128,1.168652664,20.525000939999998,2.878872021,0.630872464,0.0,1.444950101,11.530944027,24.551968308,2.967730506,0.630872464,6.455911835,7.273002502000001,2.414685088,0.630872464,0.0,4.599366271,14.770501077999999,2.075822565,20.934030133,6.105071941,0.630872464,0.0,0.0,40.129968719,12.439834649999998,0.0,0.0,0.630872464,7.296272524,7.830176167,0.630872464,2.059254172,1.522780405,5.992900562999999,0.891907941,0.0,4.674662016,3.951931555,8.164910443,14.350226054,41.192359241000005,0.0,0.890601508,0.891907941,22.261063479999997,2.967730506,0.891907941,9.46405467,53.270830874999994,0.891907941,10.192636254,12.951339067,17.242477742,10.320988886,21.522391739,6.457117455000001,2.671808307,0.891907941,2.075822565,0.630872464,0.0,1.168652664,11.02296033,0.630872464,2.9664240729999998,27.614504108,0.0,0.0,8.20275642,18.055586026,21.619299715,0.890601508,0.630872464,15.120611636,3.933586435,0.0,0.0,0.630872464,7.4404433359999995,0.0,8.033883187,2.523546441,31.001499160999998,0.0,33.035280998,6.366613237,2.7067282290000003,11.843762627,5.643442924,4.30479626,3.306656608,1.261778128,2.523546441,12.804884345999998,26.88046418,2.412122283,0.890601508,0.0,206.2907062,4.323068834,45.000698099000005,2.784585324,1.892677383,27.550731328999998,2.337336513,26.206224178,0.0,0.891907941,1.444950101,3.50598768,31.605734444,10.026148594999999,10.10184447,1.521473972,0.890601508,0.890601508,28.256695112,0.0,0.0,2.3368580420000002,3.22619992,12.396808045,1.444950101,0.0,0.891907941,13.377124588,0.078703232,0.019119389,0.115844005,0.174662682,0.0,0.001917426,0.0,0.0,0.0,0.0,0.207829884,0.0,0.7401298119999999,0.0,0.121200327,0.119008083,1.1245405320000001,0.326171506,0.017705259,0.026605331,3.0,3.0,"[[1, 2, 3], [0, 2, 4]]"
190x190,0.891907941,0.96942751,41.178239798999996,25.015334547,2.284229543,43.351955395999994,0.0,9.954842328,1.746482543,1.168652664,20.049478348999997,3.363576436,4.023860293,0.96942751,0.0,4.3060558900000006,16.376010386999997,2.00748482,0.630872464,6.94061625,7.273002502000001,3.868828851,0.630872464,0.484704415,3.15441617,14.770501077999999,0.630872464,19.489080032,7.083698051000001,0.630872464,0.0,0.96942751,43.541183350999994,20.697786848999996,0.0,0.0,2.085016227,7.780976939,7.830176167,0.630872464,2.5439585869999997,1.522780405,5.992900562999999,0.891907941,0.0,4.674662016,3.951931555,8.164910443,16.289025843,39.74740914,0.0,0.890601508,0.891907941,17.926117822,2.00748482,0.891907941,9.948759084999999,51.35946142799999,0.891907941,1.522780405,12.951339067,25.482435802999998,10.320988886,19.117182152999998,6.941821870000001,2.671808307,1.861335451,1.115576879,0.630872464,0.0,1.6533570789999998,11.99238784,0.630872464,2.490901482,60.09966776699999,0.0,0.0,8.20275642,14.690067878,21.619299715,0.890601508,1.600299974,12.230697634999999,3.933586435,0.484704415,0.0,2.085016227,6.48019765,0.484704415,8.518587602,2.523546441,25.221650495,0.0,33.529130686,8.305413026,1.746482543,11.843762627,7.106721796,4.30479626,8.638497598,1.746482543,2.523546441,3.174831051,26.88046418,2.412122283,1.860029018,0.0,179.07308487,4.323068834,34.92054917200001,2.784585324,1.892677383,20.819675268999998,3.306764023,23.801014591999998,0.0,1.376612356,0.484704415,4.47541519,31.624049416,13.903791474999998,11.565123342,1.521473972,0.890601508,0.890601508,24.406453869,0.0,0.0,1.376612356,4.2048260299999995,12.890657733000001,0.0,0.484704415,0.891907941,23.070135252999997,0.078703232,0.06076263,0.119726684,0.202638353,0.0,0.024974352,0.0,0.085128075,0.0,0.0,0.207829884,0.0,1.0941938660000001,0.0,0.121200327,0.015747759,1.1048867340000001,0.015330556,0.017705259,0.026605331,3.0,3.0,"[[1, 2, 3], [0, 3, 4]]"
191x191,0.0,3.8593415110000002,26.016057539,27.905248548,1.115576879,28.307997671,1.444950101,8.171029704,1.746482543,0.0,19.710615825999998,8.493816843,4.023860293,0.96942751,1.444950101,10.639036086,32.075969377,2.56052698,0.630872464,2.265954234,4.935665989,2.085016227,0.630872464,0.484704415,4.599366271,20.792649425999997,2.075822565,20.934030133,7.636740210999999,0.630872464,0.0,0.96942751,33.113259966,14.668652665,0.0,0.0,2.085016227,5.720416334,1.98696408,0.630872464,1.375305923,0.630872464,16.867923818999998,0.0,0.0,0.0,8.805427239,4.935665989,14.505213219000002,41.192359241000005,0.0,0.890601508,0.0,27.114559163999996,2.56052698,0.0,9.948759084999999,45.052999009,0.0,15.322876660999999,12.951339067,14.902832796999999,9.429080945,22.007096154,6.941821870000001,8.693956655000001,0.96942751,2.56052698,0.630872464,0.0,0.484704415,29.62387499,0.630872464,3.935851583,38.418091808,0.0,0.0,7.0341037559999995,17.856360872,6.457117455000001,0.890601508,1.600299974,14.228703695,3.933586435,0.484704415,0.0,2.085016227,4.972682463,6.506852763,7.3499349380000005,2.523546441,27.433878802,0.0,29.96096013,5.352947738,3.1914326440000003,10.059950003,4.984051538,4.30479626,5.962713454,1.746482543,8.545694789,24.164612017,0.0,2.412122283,1.860029018,0.0,217.12224205,3.15441617,35.777848703000004,1.892677383,1.892677383,12.389905456999998,0.96942751,29.145456581999998,0.0,0.484704415,1.929654516,0.96942751,17.59256455,9.444201846999999,5.874653046,1.521473972,0.890601508,0.890601508,39.001262823000005,6.022148348,0.0,1.929654516,5.649776130999999,13.443699893000002,1.444950101,0.484704415,0.0,10.583612172999999,0.038788824,0.055183387,0.09357105900000001,0.1266167,0.002447184,0.023056926,0.0,0.085128075,0.0,0.0,0.193591833,0.0,0.9925400420000001,0.0,0.121200327,0.103260324,0.9992309840000001,0.330996334,0.017036033000000003,0.026605331,3.0,3.0,"[[1, 2, 3], [1, 2, 3]]"
192x192,0.0,2.889914001,1.781249819,26.935821038,1.799525128,10.771607144,1.444950101,6.716885941,1.261778128,1.168652664,18.741188316,8.009112428,0.630872464,0.0,1.444950101,10.639036086,34.811831604,2.075822565,0.630872464,6.455911835,7.273002502000001,0.630872464,0.630872464,0.0,4.599366271,20.792649425999997,2.075822565,20.934030133,5.213164,0.630872464,0.0,0.0,30.318119013,3.520786465,0.0,0.0,0.630872464,6.4043645829999996,7.830176167,0.630872464,2.059254172,0.630872464,18.036576482999997,0.0,0.0,4.674662016,9.974079903,7.273002502000001,12.56641343,41.192359241000005,0.0,0.890601508,0.0,28.283211827999995,2.075822565,0.0,9.46405467,46.135410478,0.0,15.322876660999999,12.951339067,13.674857382999999,9.429080945,21.522391739,6.457117455000001,8.693956655000001,0.0,2.075822565,0.630872464,0.0,1.168652664,33.329109496,0.630872464,2.9664240729999998,7.993965727999999,0.0,0.0,8.20275642,18.055586026,6.457117455000001,0.890601508,0.630872464,14.228703695,3.933586435,0.0,0.0,0.630872464,5.656630711999999,6.022148348,8.033883187,2.523546441,27.433878802,0.0,30.359496854,4.582800613,2.7067282290000003,10.059950003,2.075822565,4.30479626,0.630872464,1.261778128,8.545694789,24.848560266,26.88046418,2.412122283,0.890601508,0.0,262.28147207,4.323068834,36.973353937,1.892677383,1.892677383,18.631683144,2.337336513,28.660752167,0.0,0.0,1.444950101,3.50598768,28.708834607,5.566558967,2.9664240729999998,1.521473972,0.890601508,0.890601508,38.516558408,6.022148348,0.0,1.444950101,3.22619992,11.504900104,1.444950101,0.0,0.0,0.890601508,0.054741784,0.013540146,0.11065915600000001,0.150758321,0.002447184,0.001917426,0.0,0.0,0.0,0.0,0.193591833,0.0,0.710720719,0.0,0.121200327,0.118245268,1.063294277,0.33173894,0.018096360000000002,0.026605331,3.0,3.0,"[[1, 2, 3], [1, 2, 4]]"
193x193,0.0,0.96942751,26.016057539,25.015334547,2.284229543,30.645334184,0.0,8.171029704,1.746482543,1.168652664,18.265665724999998,8.493816843,4.023860293,0.96942751,0.0,3.414147949,26.635873683,1.115576879,0.630872464,6.94061625,7.273002502000001,2.085016227,0.630872464,0.484704415,3.15441617,20.792649425999997,0.630872464,19.489080032,6.1917901099999995,0.630872464,0.0,0.96942751,33.729333645,11.778738663999999,0.0,0.0,2.085016227,6.889068998,7.830176167,0.630872464,2.5439585869999997,0.630872464,18.036576482999997,0.0,0.0,4.674662016,9.974079903,7.273002502000001,14.505213219000002,39.74740914,0.0,0.890601508,0.0,23.948266169999997,1.115576879,0.0,9.948759084999999,44.22404103099999,0.0,6.653020812,12.951339067,21.914815444,9.429080945,19.117182152999998,6.941821870000001,8.693956655000001,0.96942751,1.115576879,0.630872464,0.0,1.6533570789999998,34.298537006000004,0.630872464,2.490901482,40.47912938699999,0.0,0.0,8.20275642,14.690067878,6.457117455000001,0.890601508,1.600299974,11.338789693999999,3.933586435,0.484704415,0.0,2.085016227,4.696385026,6.506852763,8.518587602,2.523546441,21.654030136,0.0,30.853346542,6.521600402,1.746482543,10.059950003,3.539101437,4.30479626,5.962713454,1.746482543,8.545694789,15.218506971,26.88046418,2.412122283,1.860029018,0.0,235.06385074000002,4.323068834,26.893205010000003,1.892677383,1.892677383,11.900627084,3.306764023,26.255542580999997,0.0,0.484704415,0.484704415,4.47541519,28.727149579,9.444201846999999,4.429702945,1.521473972,0.890601508,0.890601508,34.666317165,6.022148348,0.0,0.484704415,4.2048260299999995,11.998749792000002,0.0,0.484704415,0.0,10.583612172999999,0.054741784,0.055183387,0.11454183500000001,0.178733992,0.002447184,0.024974352,0.0,0.085128075,0.0,0.0,0.193591833,0.0,1.064784773,0.0,0.121200327,0.014984944,1.043640479,0.020897989999999998,0.018096360000000002,0.026605331,3.0,3.0,"[[1, 2, 3], [1, 3, 4]]"
194x194,0.0,3.8593415110000002,26.016057539,27.905248548,2.284229543,24.623185835999998,1.444950101,8.171029704,1.746482543,1.168652664,19.710615825999998,2.471668495,4.023860293,0.96942751,1.444950101,10.639036086,24.706955473,2.56052698,0.630872464,6.94061625,7.273002502000001,2.085016227,0.630872464,0.484704415,4.599366271,14.770501077999999,2.075822565,20.934030133,7.636740210999999,0.630872464,0.0,0.96942751,36.619247646,14.668652665,0.0,0.0,2.085016227,6.889068998,7.830176167,0.630872464,2.5439585869999997,0.630872464,5.992900562999999,0.0,0.0,4.674662016,3.951931555,7.273002502000001,14.505213219000002,41.192359241000005,0.0,0.890601508,0.0,22.261063479999997,2.56052698,0.0,9.948759084999999,48.558986688999994,0.0,9.300728312999999,12.951339067,21.914815444,9.429080945,22.007096154,6.941821870000001,2.671808307,0.96942751,2.56052698,0.630872464,0.0,1.6533570789999998,10.208575216,0.630872464,3.935851583,41.924079488,0.0,0.0,8.20275642,19.025013536,6.457117455000001,0.890601508,1.600299974,14.228703695,3.933586435,0.484704415,0.0,2.085016227,6.141335127,0.484704415,8.518587602,2.523546441,27.433878802,0.0,32.298296643,6.521600402,3.1914326440000003,10.059950003,4.984051538,4.30479626,5.962713454,1.746482543,2.523546441,13.289588760999997,26.88046418,2.412122283,1.860029018,0.0,197.71626701,4.323068834,42.78983135,1.892677383,1.892677383,20.570482932999997,3.306764023,23.123308234,0.0,0.484704415,1.929654516,4.47541519,25.594915231999998,9.444201846999999,5.874653046,1.521473972,0.890601508,0.890601508,26.957586903,0.0,0.0,1.929654516,5.649776130999999,13.443699893000002,1.444950101,0.484704415,0.0,10.583612172999999,0.052354382000000005,0.055183387,0.107072492,0.17538673500000002,0.0,0.024974352,0.0,0.085128075,0.0,0.0,0.193591833,0.0,1.3522929620000002,0.0,0.121200327,0.118245268,0.9185446640000001,0.326171506,0.017705259,0.026605331,3.0,3.0,"[[1, 2, 3], [2, 3, 4]]"
195x195,0.891907941,2.889914001,24.415706219999997,26.935821038,0.630872464,45.310007681,1.444950101,9.568172295,1.795511968,0.0,18.152244716000002,6.914056289,2.232050031,0.0,1.9786839410000001,12.064677867,34.055927747,2.967730506,0.630872464,1.781249819,7.604347407000001,2.414685088,0.630872464,0.0,5.666840001,21.326383266,2.075822565,15.654834665000001,4.118107861,0.630872464,0.53373384,0.53373384,39.20260360300001,19.912108791,0.0,0.0,1.698346194,6.423557259,0.0,0.630872464,1.424335348,1.522780405,19.536605237,0.891907941,0.53373384,0.53373384,8.805427239,17.03713355,11.057933658,53.469360611000006,0.0,0.890601508,0.891907941,25.127595083999996,3.5014643459999997,1.425641781,9.46405467,53.500933776,0.891907941,17.815962169,13.485072907,12.513402204999998,9.015736513,18.082191788,6.457117455000001,8.693956655000001,0.891907941,2.075822565,0.630872464,0.53373384,0.0,30.971993944,1.1646063039999999,2.9664240729999998,55.594797688,0.0,0.0,5.580873516,5.499551962,23.75424525,0.890601508,0.630872464,15.268593091,3.933586435,0.53373384,0.0,1.698346194,12.142791486,6.555882188,6.865230523,3.057280281,31.149480615999998,0.53373384,28.087305341,8.400289085999999,3.2404620690000003,7.869828836000001,6.710916654,4.8385301,6.508985121,1.261778128,8.545694789,23.679907602,0.0,4.01329985,0.890601508,0.0,213.775566,3.68815001,40.123660987,2.784585324,1.892677383,20.437627583,0.0,24.280495639999998,0.0,0.891907941,1.444950101,0.0,24.2851011,12.161094129999999,12.770525887999998,1.521473972,3.025547043,1.424335348,40.98208837,7.089622078,0.0,3.404331772,4.827377487,11.091555672,1.444950101,0.0,8.897867656999999,24.050595348,0.028736252,0.039488493,0.09555249299999999,0.139478244,0.002447184,0.0,0.0,0.0,0.0,0.0,0.200451796,0.0,0.380376892,0.0,0.121200327,0.104023139,1.1745973299999999,0.321072753,0.021471407,0.026605331,3.0,3.0,"[[1, 2, 4], [0, 1, 2]]"
196x196,0.891907941,0.96942751,48.650513939999996,25.015334547,1.115576879,65.18373472100001,0.0,11.022316058,2.280216383,0.0,17.676722125,7.398760704000001,5.62503786,0.96942751,0.53373384,4.839789730000001,25.879969826,2.00748482,0.630872464,2.265954234,7.604347407000001,3.868828851,0.630872464,0.484704415,4.2218899,21.326383266,0.630872464,14.209884564000001,5.096733971,0.630872464,0.53373384,1.50316135,42.613818235000004,28.17006099,0.0,0.0,3.1524899570000002,6.908261674,0.0,0.630872464,1.909039763,1.522780405,19.536605237,0.891907941,0.53373384,0.53373384,8.805427239,17.03713355,12.996733447,52.02441051,0.0,0.890601508,0.891907941,20.792649425999997,2.5412186599999997,1.425641781,9.948759084999999,51.58956432899999,0.891907941,9.14610632,13.485072907,20.753360265999998,9.015736513,15.676982201999998,6.941821870000001,8.693956655000001,1.861335451,1.115576879,0.630872464,0.53373384,0.484704415,31.941421454,1.1646063039999999,2.490901482,88.079961347,0.0,0.0,5.580873516,2.134033814,23.75424525,0.890601508,1.600299974,12.378679089999999,3.933586435,1.018438255,0.0,3.1524899570000002,11.1825458,7.040586603,7.3499349380000005,3.057280281,25.36963195,0.53373384,28.581155029,10.339088874999998,2.280216383,7.869828836000001,8.174195526,4.8385301,11.840826111,1.746482543,8.545694789,14.049854307,0.0,4.01329985,1.860029018,0.0,186.55794466999998,3.68815001,30.043512060000005,2.784585324,1.892677383,13.706571523000001,0.96942751,21.875286053999996,0.0,1.376612356,0.484704415,0.96942751,24.303416071999997,16.03873701,14.233804759999998,1.521473972,3.025547043,1.424335348,37.131847127,7.089622078,0.0,2.444086086,5.806003597,11.58540536,0.0,0.484704415,8.897867656999999,33.743606013000004,0.028736252,0.081131734,0.09943517199999999,0.167453915,0.002447184,0.023056926,0.0,0.085128075,0.0,0.0,0.200451796,0.0,0.7344409460000001,0.0,0.121200327,0.000762815,1.1549435319999999,0.010231803,0.021471407,0.026605331,3.0,3.0,"[[1, 2, 4], [0, 1, 3]]"
197x197,0.891907941,0.0,24.415706219999997,24.045907037,1.799525128,47.647344194,0.0,9.568172295,1.795511968,1.168652664,16.707294615000002,6.914056289,2.232050031,0.0,0.53373384,4.839789730000001,28.615832053,1.522780405,0.630872464,6.455911835,9.941683920000001,2.414685088,0.630872464,0.0,4.2218899,21.326383266,0.630872464,14.209884564000001,2.67315776,0.630872464,0.53373384,0.53373384,39.818677282,17.02219479,0.0,0.0,1.698346194,7.5922099229999995,5.843212087,0.630872464,2.592988012,1.522780405,20.705257901,0.891907941,0.53373384,5.208395856,9.974079903,19.374470063,11.057933658,52.02441051,0.0,0.890601508,0.891907941,21.961302089999997,2.056514245,1.425641781,9.46405467,52.67197579799999,0.891907941,9.14610632,13.485072907,19.525384852,9.015736513,15.192277786999998,6.457117455000001,8.693956655000001,0.891907941,0.630872464,0.630872464,0.53373384,1.168652664,35.646655960000004,1.1646063039999999,1.521473972,57.65583526699999,0.0,0.0,6.749526179999999,2.333258968,23.75424525,0.890601508,0.630872464,12.378679089999999,3.933586435,0.53373384,0.0,1.698346194,11.866494049,6.555882188,8.033883187,3.057280281,25.36963195,0.53373384,28.979691753,9.568941749999999,1.795511968,7.869828836000001,5.265966553,4.8385301,6.508985121,1.261778128,8.545694789,14.733802556,26.88046418,4.01329985,0.890601508,0.0,231.71717468999998,4.856802674,31.239017294000003,2.784585324,1.892677383,19.94834921,2.337336513,21.390581638999997,0.0,0.891907941,0.0,3.50598768,35.419686129,12.161094129999999,11.325575786999998,1.521473972,3.025547043,1.424335348,36.647142712,7.089622078,0.0,1.959381671,3.382427386,9.646605571,0.0,0.0,8.897867656999999,24.050595348,0.044689212,0.039488493,0.116523269,0.191595536,0.002447184,0.001917426,0.0,0.0,0.0,0.0,0.200451796,0.0,0.452621623,0.0,0.121200327,0.015747759,1.219006825,0.010974409,0.022531734,0.026605331,3.0,3.0,"[[1, 2, 4], [0, 1, 4]]"
198x198,0.891907941,3.8593415110000002,48.650513939999996,27.905248548,1.115576879,59.161586373,1.444950101,11.022316058,2.280216383,0.0,19.121672226,1.376612356,5.62503786,0.96942751,1.9786839410000001,12.064677867,23.951051616,3.452434921,0.630872464,2.265954234,7.604347407000001,3.868828851,0.630872464,0.484704415,5.666840001,15.304234917999999,2.075822565,15.654834665000001,6.541684072000001,0.630872464,0.53373384,1.50316135,45.503732236000005,31.059974991,0.0,0.0,3.1524899570000002,6.908261674,0.0,0.630872464,1.909039763,1.522780405,7.492929317,0.891907941,0.53373384,0.53373384,2.783278891,17.03713355,12.996733447,53.469360611000006,0.0,0.890601508,0.891907941,19.105446735999998,3.9861687609999996,1.425641781,9.948759084999999,55.92450998699999,0.891907941,11.793813820999999,13.485072907,20.753360265999998,9.015736513,18.566896203,6.941821870000001,2.671808307,1.861335451,2.56052698,0.630872464,0.53373384,0.484704415,7.851459664,1.1646063039999999,3.935851583,89.524911448,0.0,0.0,5.580873516,6.468979472,23.75424525,0.890601508,1.600299974,15.268593091,3.933586435,1.018438255,0.0,3.1524899570000002,12.627495901,1.018438255,7.3499349380000005,3.057280281,31.149480615999998,0.53373384,30.02610513,10.339088874999998,3.7251664840000003,7.869828836000001,9.619145627,4.8385301,11.840826111,1.746482543,2.523546441,12.120936096999998,0.0,4.01329985,1.860029018,0.0,149.21036094,3.68815001,45.9401384,2.784585324,1.892677383,22.376427372000002,0.96942751,18.743051707,0.0,1.376612356,1.929654516,0.96942751,21.171181725,16.03873701,15.678754860999998,1.521473972,3.025547043,1.424335348,29.423116864999997,1.06747373,0.0,3.889036187,7.250953698,13.030355461,1.444950101,0.484704415,8.897867656999999,33.743606013000004,0.02634885,0.081131734,0.091965829,0.16410665800000002,0.0,0.023056926,0.0,0.085128075,0.0,0.0,0.200451796,0.0,1.021949135,0.0,0.121200327,0.104023139,1.029847717,0.315505319,0.021080306,0.026605331,3.0,3.0,"[[1, 2, 4], [0, 2, 3]]"
199x199,0.891907941,2.889914001,24.415706219999997,26.935821038,1.799525128,41.625195846,1.444950101,9.568172295,1.795511968,1.168652664,18.152244716000002,0.891907941,2.232050031,0.0,1.9786839410000001,12.064677867,26.686913843,2.967730506,0.630872464,6.455911835,9.941683920000001,2.414685088,0.630872464,0.0,5.666840001,15.304234917999999,2.075822565,15.654834665000001,4.118107861,0.630872464,0.53373384,0.53373384,42.708591283000004,19.912108791,0.0,0.0,1.698346194,7.5922099229999995,5.843212087,0.630872464,2.592988012,1.522780405,8.661581981,0.891907941,0.53373384,5.208395856,3.951931555,19.374470063,11.057933658,53.469360611000006,0.0,0.890601508,0.891907941,20.274099399999997,3.5014643459999997,1.425641781,9.46405467,57.00692145599999,0.891907941,11.793813820999999,13.485072907,19.525384852,9.015736513,18.082191788,6.457117455000001,2.671808307,0.891907941,2.075822565,0.630872464,0.53373384,1.168652664,11.55669417,1.1646063039999999,2.9664240729999998,59.100785368,0.0,0.0,6.749526179999999,6.668204626,23.75424525,0.890601508,0.630872464,15.268593091,3.933586435,0.53373384,0.0,1.698346194,13.31144415,0.53373384,8.033883187,3.057280281,31.149480615999998,0.53373384,30.424641854,9.568941749999999,3.2404620690000003,7.869828836000001,6.710916654,4.8385301,6.508985121,1.261778128,2.523546441,12.804884345999998,26.88046418,4.01329985,0.890601508,0.0,194.36959095999998,4.856802674,47.135643634000004,2.784585324,1.892677383,28.618205059,2.337336513,18.258347292,0.0,0.891907941,1.444950101,3.50598768,32.287451782,12.161094129999999,12.770525887999998,1.521473972,3.025547043,1.424335348,28.938412449999998,1.06747373,0.0,3.404331772,4.827377487,11.091555672,1.444950101,0.0,8.897867656999999,24.050595348,0.042301809999999995,0.039488493,0.109053926,0.18824827900000002,0.0,0.001917426,0.0,0.0,0.0,0.0,0.200451796,0.0,0.7401298119999999,0.0,0.121200327,0.119008083,1.09391101,0.316247925,0.022140633,0.026605331,3.0,3.0,"[[1, 2, 4], [0, 2, 4]]"
200x200,0.891907941,0.96942751,48.650513939999996,25.015334547,2.284229543,61.498922885999995,0.0,11.022316058,2.280216383,1.168652664,17.676722125,1.376612356,5.62503786,0.96942751,0.53373384,4.839789730000001,18.510955921999997,2.00748482,0.630872464,6.94061625,9.941683920000001,3.868828851,0.630872464,0.484704415,4.2218899,15.304234917999999,0.630872464,14.209884564000001,5.096733971,0.630872464,0.53373384,1.50316135,46.119805915,28.17006099,0.0,0.0,3.1524899570000002,8.076914338,5.843212087,0.630872464,3.0776924269999997,1.522780405,8.661581981,0.891907941,0.53373384,5.208395856,3.951931555,19.374470063,12.996733447,52.02441051,0.0,0.890601508,0.891907941,15.939153741999998,2.5412186599999997,1.425641781,9.948759084999999,55.09555200899999,0.891907941,3.123957972,13.485072907,27.765342912999998,9.015736513,15.676982201999998,6.941821870000001,2.671808307,1.861335451,1.115576879,0.630872464,0.53373384,1.6533570789999998,12.52612168,1.1646063039999999,2.490901482,91.585949027,0.0,0.0,6.749526179999999,3.302686478,23.75424525,0.890601508,1.600299974,12.378679089999999,3.933586435,1.018438255,0.0,3.1524899570000002,12.351198464,1.018438255,8.518587602,3.057280281,25.36963195,0.53373384,30.918491542,11.507741538999998,2.280216383,7.869828836000001,8.174195526,4.8385301,11.840826111,1.746482543,2.523546441,3.174831051,26.88046418,4.01329985,1.860029018,0.0,167.15196963,4.856802674,37.05549470700001,2.784585324,1.892677383,21.887148999,3.306764023,15.853137705999998,0.0,1.376612356,0.484704415,4.47541519,32.305766754,16.03873701,14.233804759999998,1.521473972,3.025547043,1.424335348,25.088171207,1.06747373,0.0,2.444086086,5.806003597,11.58540536,0.0,0.484704415,8.897867656999999,33.743606013000004,0.042301809999999995,0.081131734,0.112936605,0.21622395,0.0,0.024974352,0.0,0.085128075,0.0,0.0,0.200451796,0.0,1.0941938660000001,0.0,0.121200327,0.015747759,1.074257212,0.005406975,0.022140633,0.026605331,3.0,3.0,"[[1, 2, 4], [0, 3, 4]]"
201x201,0.0,3.8593415110000002,33.48833168,27.905248548,1.115576879,46.454965161,1.444950101,9.238503434,2.280216383,0.0,17.337859602,6.506852763,5.62503786,0.96942751,1.9786839410000001,11.172769926,34.210914912,2.56052698,0.630872464,2.265954234,7.604347407000001,2.085016227,0.630872464,0.484704415,5.666840001,21.326383266,2.075822565,15.654834665000001,5.649776130999999,0.630872464,0.53373384,1.50316135,35.69188253,22.140926806,0.0,0.0,3.1524899570000002,6.016353733,0.0,0.630872464,1.909039763,0.630872464,19.536605237,0.0,0.53373384,0.53373384,8.805427239,16.145225609,11.212920823000001,53.469360611000006,0.0,0.890601508,0.0,25.127595083999996,3.09426082,0.53373384,9.948759084999999,48.789089589999996,0.0,16.924054228,13.485072907,17.185739907,8.123828572,18.566896203,6.941821870000001,8.693956655000001,0.96942751,2.56052698,0.630872464,0.53373384,0.484704415,30.157608829999997,1.1646063039999999,3.935851583,69.904373068,0.0,0.0,5.580873516,6.468979472,8.59206299,0.890601508,1.600299974,14.37668515,3.933586435,1.018438255,0.0,3.1524899570000002,10.843683277,7.040586603,7.3499349380000005,3.057280281,27.581860257,0.53373384,27.350320986,8.555276250999999,3.7251664840000003,6.0860162120000005,6.051525268,4.8385301,9.165041967,1.746482543,8.545694789,24.164612017,0.0,4.01329985,1.860029018,0.0,205.20112681,3.68815001,37.912794238000004,1.892677383,1.892677383,13.457379187,0.96942751,21.197579696000002,0.0,0.484704415,1.929654516,0.96942751,18.274281888,11.579147381999999,8.543334463999999,1.521473972,3.025547043,1.424335348,39.682980161,7.089622078,0.0,2.997128246,7.250953698,12.13844752,1.444950101,0.484704415,8.005959716,21.257082933,0.002387402,0.075552491,0.08678098000000001,0.140202297,0.002447184,0.023056926,0.0,0.085128075,0.0,0.0,0.18621374499999999,0.0,0.9925400420000001,0.0,0.121200327,0.103260324,0.9686014620000001,0.321072753,0.021471407,0.026605331,3.0,3.0,"[[1, 2, 4], [1, 2, 3]]"
202x202,0.0,2.889914001,9.253523959999999,26.935821038,1.799525128,28.918574634,1.444950101,7.784359671,1.795511968,1.168652664,16.368432092000003,6.022148348,2.232050031,0.0,1.9786839410000001,11.172769926,36.946777139,2.075822565,0.630872464,6.455911835,9.941683920000001,0.630872464,0.630872464,0.0,5.666840001,21.326383266,2.075822565,15.654834665000001,3.22619992,0.630872464,0.53373384,0.53373384,32.896741577,10.993060606,0.0,0.0,1.698346194,6.700301981999999,5.843212087,0.630872464,2.592988012,0.630872464,20.705257901,0.0,0.53373384,5.208395856,9.974079903,18.482562122,9.274121034,53.469360611000006,0.0,0.890601508,0.0,26.296247747999995,2.609556405,0.53373384,9.46405467,49.871501058999996,0.0,16.924054228,13.485072907,15.957764492999999,8.123828572,18.082191788,6.457117455000001,8.693956655000001,0.0,2.075822565,0.630872464,0.53373384,1.168652664,33.862843336,1.1646063039999999,2.9664240729999998,39.480246988,0.0,0.0,6.749526179999999,6.668204626,8.59206299,0.890601508,0.630872464,14.37668515,3.933586435,0.53373384,0.0,1.698346194,11.527631526,6.555882188,8.033883187,3.057280281,27.581860257,0.53373384,27.74885771,7.785129125999999,3.2404620690000003,6.0860162120000005,3.143296295,4.8385301,3.8332009769999997,1.261778128,8.545694789,24.848560266,26.88046418,4.01329985,0.890601508,0.0,250.36035683,4.856802674,39.108299472,1.892677383,1.892677383,19.699156874,2.337336513,20.712875281000002,0.0,0.0,1.444950101,3.50598768,29.390551945,7.701504502,5.635105490999999,1.521473972,3.025547043,1.424335348,39.198275746,7.089622078,0.0,2.512423831,4.827377487,10.199647731,1.444950101,0.0,8.005959716,11.564072268,0.018340362,0.03390925,0.103869077,0.164343918,0.002447184,0.001917426,0.0,0.0,0.0,0.0,0.18621374499999999,0.0,0.710720719,0.0,0.121200327,0.118245268,1.032664755,0.32181535899999997,0.022531734,0.026605331,3.0,3.0,"[[1, 2, 4], [1, 2, 4]]"
203x203,0.0,0.96942751,33.48833168,25.015334547,2.284229543,48.792301673999994,0.0,9.238503434,2.280216383,1.168652664,15.892909501000002,6.506852763,5.62503786,0.96942751,0.53373384,3.947881789,28.770819218,1.115576879,0.630872464,6.94061625,9.941683920000001,2.085016227,0.630872464,0.484704415,4.2218899,21.326383266,0.630872464,14.209884564000001,4.2048260299999995,0.630872464,0.53373384,1.50316135,36.307956209,19.251012805,0.0,0.0,3.1524899570000002,7.1850063969999995,5.843212087,0.630872464,3.0776924269999997,0.630872464,20.705257901,0.0,0.53373384,5.208395856,9.974079903,18.482562122,11.212920823000001,52.02441051,0.0,0.890601508,0.0,21.961302089999997,1.6493107189999998,0.53373384,9.948759084999999,47.96013161199999,0.0,8.254198379,13.485072907,24.197722554,8.123828572,15.676982201999998,6.941821870000001,8.693956655000001,0.96942751,1.115576879,0.630872464,0.53373384,1.6533570789999998,34.832270846,1.1646063039999999,2.490901482,71.965410647,0.0,0.0,6.749526179999999,3.302686478,8.59206299,0.890601508,1.600299974,11.486771148999999,3.933586435,1.018438255,0.0,3.1524899570000002,10.56738584,7.040586603,8.518587602,3.057280281,21.802011591,0.53373384,28.242707398,9.723928914999998,2.280216383,6.0860162120000005,4.606575167,4.8385301,9.165041967,1.746482543,8.545694789,15.218506971,26.88046418,4.01329985,1.860029018,0.0,223.14273550000001,4.856802674,29.028150545000003,1.892677383,1.892677383,12.968100814,3.306764023,18.307665695,0.0,0.484704415,0.484704415,4.47541519,29.408866916999997,11.579147381999999,7.098384362999999,1.521473972,3.025547043,1.424335348,35.348034503,7.089622078,0.0,1.5521781449999998,5.806003597,10.693497419,0.0,0.484704415,8.005959716,21.257082933,0.018340362,0.075552491,0.107751756,0.192319589,0.002447184,0.024974352,0.0,0.085128075,0.0,0.0,0.18621374499999999,0.0,1.064784773,0.0,0.121200327,0.014984944,1.013010957,0.010974409,0.022531734,0.026605331,3.0,3.0,"[[1, 2, 4], [1, 3, 4]]"
204x204,0.0,3.8593415110000002,33.48833168,27.905248548,2.284229543,42.770153326,1.444950101,9.238503434,2.280216383,1.168652664,17.337859602,0.484704415,5.62503786,0.96942751,1.9786839410000001,11.172769926,26.841901008,2.56052698,0.630872464,6.94061625,9.941683920000001,2.085016227,0.630872464,0.484704415,5.666840001,15.304234917999999,2.075822565,15.654834665000001,5.649776130999999,0.630872464,0.53373384,1.50316135,39.19787021,22.140926806,0.0,0.0,3.1524899570000002,7.1850063969999995,5.843212087,0.630872464,3.0776924269999997,0.630872464,8.661581981,0.0,0.53373384,5.208395856,3.951931555,18.482562122,11.212920823000001,53.469360611000006,0.0,0.890601508,0.0,20.274099399999997,3.09426082,0.53373384,9.948759084999999,52.29507726999999,0.0,10.90190588,13.485072907,24.197722554,8.123828572,18.566896203,6.941821870000001,2.671808307,0.96942751,2.56052698,0.630872464,0.53373384,1.6533570789999998,10.742309056,1.1646063039999999,3.935851583,73.410360748,0.0,0.0,6.749526179999999,7.637632136,8.59206299,0.890601508,1.600299974,14.37668515,3.933586435,1.018438255,0.0,3.1524899570000002,12.012335941,1.018438255,8.518587602,3.057280281,27.581860257,0.53373384,29.687657499,9.723928914999998,3.7251664840000003,6.0860162120000005,6.051525268,4.8385301,9.165041967,1.746482543,2.523546441,13.289588760999997,26.88046418,4.01329985,1.860029018,0.0,185.79515177,4.856802674,44.924776885,1.892677383,1.892677383,21.637956663,3.306764023,15.175431348,0.0,0.484704415,1.929654516,4.47541519,26.276632569999997,11.579147381999999,8.543334463999999,1.521473972,3.025547043,1.424335348,27.639304240999998,1.06747373,0.0,2.997128246,7.250953698,12.13844752,1.444950101,0.484704415,8.005959716,21.257082933,0.01595296,0.075552491,0.100282413,0.18897233200000002,0.0,0.024974352,0.0,0.085128075,0.0,0.0,0.18621374499999999,0.0,1.3522929620000002,0.0,0.121200327,0.118245268,0.8879151420000001,0.316247925,0.022140633,0.026605331,3.0,3.0,"[[1, 2, 4], [2, 3, 4]]"
205x205,0.891907941,2.889914001,22.634456401,18.029782801,0.630872464,43.528757862000006,1.444950101,6.005702524,1.795511968,0.0,13.22014027,8.901020369,2.232050031,0.0,1.9786839410000001,11.174076359,30.493457976,2.967730506,0.630872464,0.0,5.8230975879999995,2.414685088,0.630872464,0.0,5.666840001,20.435781757999997,2.075822565,16.477774592000003,4.323822122,0.630872464,0.53373384,0.53373384,39.819915929,19.912108791,0.0,0.0,1.698346194,10.39749105,1.98696408,0.630872464,0.53373384,1.522780405,15.974135466,0.891907941,0.53373384,0.53373384,7.9148257310000005,15.255883731,11.675245984,53.469360611000006,0.0,0.0,0.891907941,26.223957656,3.5014643459999997,1.425641781,9.46405467,30.346325436,0.891907941,17.815962169,3.68815001,13.609764776999999,9.427200532999999,19.384317272,3.785309148,6.022148348,0.891907941,2.075822565,0.630872464,0.53373384,0.0,28.300185637,1.1646063039999999,2.075822565,53.813547869000004,0.0,0.0,7.5678375959999995,17.420667202,21.082436942999998,0.0,0.630872464,15.474307352,1.261778128,0.53373384,0.0,1.698346194,10.361541667,6.555882188,0.630872464,3.057280281,19.778244645999997,0.53373384,26.23825933,7.509687578,3.2404620690000003,8.281292856,6.710916654,3.057280281,6.508985121,1.261778128,8.545694789,22.789306093999997,0.0,2.232050031,0.0,0.0,225.69668123999998,3.68815001,32.998724028,2.784585324,1.892677383,18.656377764,0.0,24.212868742000005,0.0,0.891907941,1.444950101,0.0,26.27206518,10.379844311,11.879924379999999,0.630872464,2.134945535,0.53373384,32.28213437,7.089622078,0.0,3.404331772,3.046127668,11.503019691999999,1.444950101,0.0,8.897867656999999,23.15999384,0.06513767399999999,0.026675883,0.11820149199999999,0.11703061499999999,0.002447184,0.0,0.0,0.0,0.0,0.0,0.10891767100000001,0.0,0.380376892,0.0,0.0727907,0.104023139,1.19493155,0.335660703,0.038116339,0.018325221,3.0,3.0,"[[1, 3, 4], [0, 1, 2]]"
206x206,0.891907941,0.96942751,46.869264121,16.10929631,1.115576879,63.402484902000005,0.0,7.459846287,2.280216383,0.0,12.744617679000001,9.385724783999999,5.62503786,0.96942751,0.53373384,3.949188222,22.317500055,2.00748482,0.630872464,0.484704415,5.8230975879999995,3.868828851,0.630872464,0.484704415,4.2218899,20.435781757999997,0.630872464,15.032824491000001,5.302448232,0.630872464,0.53373384,1.50316135,43.23113056099999,28.17006099,0.0,0.0,3.1524899570000002,10.882195464999999,1.98696408,0.630872464,1.018438255,1.522780405,15.974135466,0.891907941,0.53373384,0.53373384,7.9148257310000005,15.255883731,13.614045773,52.02441051,0.0,0.0,0.891907941,21.889011998,2.5412186599999997,1.425641781,9.948759084999999,28.434955989000002,0.891907941,9.14610632,3.68815001,21.849722837999998,9.427200532999999,16.979107686,4.270013563,6.022148348,1.861335451,1.115576879,0.630872464,0.53373384,0.484704415,29.269613146999998,1.1646063039999999,1.600299974,86.298711528,0.0,0.0,7.5678375959999995,14.055149054000001,21.082436942999998,0.0,1.600299974,12.584393351,1.261778128,1.018438255,0.0,3.1524899570000002,9.401295980999999,7.040586603,1.115576879,3.057280281,13.998395979999998,0.53373384,26.732109018000003,9.448487367,2.280216383,8.281292856,8.174195526,3.057280281,11.840826111,1.746482543,8.545694789,13.159252798999999,0.0,2.232050031,0.96942751,0.0,198.47905991,3.68815001,22.918575101000002,2.784585324,1.892677383,11.925321703999998,0.96942751,21.807659156000003,0.0,1.376612356,0.484704415,0.96942751,26.290380151999997,14.257487191,13.343203251999999,0.630872464,2.134945535,0.53373384,28.431893127,7.089622078,0.0,2.444086086,4.024753778,11.99686938,0.0,0.484704415,8.897867656999999,32.853004505,0.06513767399999999,0.068319124,0.12208417099999999,0.14500628599999998,0.002447184,0.023056926,0.0,0.085128075,0.0,0.0,0.10891767100000001,0.0,0.7344409460000001,0.0,0.0727907,0.000762815,1.175277752,0.024819753,0.038116339,0.018325221,3.0,3.0,"[[1, 3, 4], [0, 1, 3]]"
207x207,0.891907941,0.0,22.634456401,15.1398688,1.799525128,45.866094375,0.0,6.005702524,1.795511968,1.168652664,11.775190169,8.901020369,2.232050031,0.0,0.53373384,3.949188222,25.053362282,1.522780405,0.630872464,4.674662016,8.160434101,2.414685088,0.630872464,0.0,4.2218899,20.435781757999997,0.630872464,15.032824491000001,2.878872021,0.630872464,0.53373384,0.53373384,40.43598960799999,17.02219479,0.0,0.0,1.698346194,11.566143713999999,7.830176167,0.630872464,1.702386504,1.522780405,17.14278813,0.891907941,0.53373384,5.208395856,9.083478395,17.593220244,11.675245984,52.02441051,0.0,0.0,0.891907941,23.057664662,2.056514245,1.425641781,9.46405467,29.517367458000003,0.891907941,9.14610632,3.68815001,20.621747424,9.427200532999999,16.494403271,3.785309148,6.022148348,0.891907941,0.630872464,0.630872464,0.53373384,1.168652664,32.974847653,1.1646063039999999,0.630872464,55.874585448,0.0,0.0,8.73649026,14.254374208,21.082436942999998,0.0,0.630872464,12.584393351,1.261778128,0.53373384,0.0,1.698346194,10.085244229999999,6.555882188,1.799525128,3.057280281,13.998395979999998,0.53373384,27.130645742000002,8.678340242,1.795511968,8.281292856,5.265966553,3.057280281,6.508985121,1.261778128,8.545694789,13.843201048,26.88046418,2.232050031,0.0,0.0,243.63828992999998,4.856802674,24.114080335,2.784585324,1.892677383,18.167099391,2.337336513,21.322954741000004,0.0,0.891907941,0.0,3.50598768,37.406650209,10.379844311,10.434974278999999,0.630872464,2.134945535,0.53373384,27.947188712,7.089622078,0.0,1.959381671,1.601177567,10.058069590999999,0.0,0.0,8.897867656999999,23.15999384,0.081090634,0.026675883,0.139172268,0.169147907,0.002447184,0.001917426,0.0,0.0,0.0,0.0,0.10891767100000001,0.0,0.452621623,0.0,0.0727907,0.015747759,1.239341045,0.025562359,0.039176666,0.018325221,3.0,3.0,"[[1, 3, 4], [0, 1, 4]]"
208x208,0.891907941,3.8593415110000002,46.869264121,18.999210311,1.115576879,57.380336554,1.444950101,7.459846287,2.280216383,0.0,14.18956778,3.363576436,5.62503786,0.96942751,1.9786839410000001,11.174076359,20.388581844999997,3.452434921,0.630872464,0.484704415,5.8230975879999995,3.868828851,0.630872464,0.484704415,5.666840001,14.41363341,2.075822565,16.477774592000003,6.747398333,0.630872464,0.53373384,1.50316135,46.121044561999994,31.059974991,0.0,0.0,3.1524899570000002,10.882195464999999,1.98696408,0.630872464,1.018438255,1.522780405,3.930459546,0.891907941,0.53373384,0.53373384,1.892677383,15.255883731,13.614045773,53.469360611000006,0.0,0.0,0.891907941,20.201809307999998,3.9861687609999996,1.425641781,9.948759084999999,32.769901647,0.891907941,11.793813820999999,3.68815001,21.849722837999998,9.427200532999999,19.869021687,4.270013563,0.0,1.861335451,2.56052698,0.630872464,0.53373384,0.484704415,5.179651357,1.1646063039999999,3.0452500750000002,87.743661629,0.0,0.0,7.5678375959999995,18.390094712,21.082436942999998,0.0,1.600299974,15.474307352,1.261778128,1.018438255,0.0,3.1524899570000002,10.846246081999999,1.018438255,1.115576879,3.057280281,19.778244645999997,0.53373384,28.177059119000003,9.448487367,3.7251664840000003,8.281292856,9.619145627,3.057280281,11.840826111,1.746482543,2.523546441,11.230334588999998,0.0,2.232050031,0.96942751,0.0,161.13147618,3.68815001,38.815201441,2.784585324,1.892677383,20.595177553,0.96942751,18.675424809000003,0.0,1.376612356,1.929654516,0.96942751,23.158145805,14.257487191,14.788153352999998,0.630872464,2.134945535,0.53373384,20.723162865,1.06747373,0.0,3.889036187,5.469703879,13.441819481,1.444950101,0.484704415,8.897867656999999,32.853004505,0.062750272,0.068319124,0.114614828,0.141659029,0.0,0.023056926,0.0,0.085128075,0.0,0.0,0.10891767100000001,0.0,1.021949135,0.0,0.0727907,0.104023139,1.050181937,0.330093269,0.037725238,0.018325221,3.0,3.0,"[[1, 3, 4], [0, 2, 3]]"
209x209,0.891907941,2.889914001,22.634456401,18.029782801,1.799525128,39.843946027,1.444950101,6.005702524,1.795511968,1.168652664,13.22014027,2.878872021,2.232050031,0.0,1.9786839410000001,11.174076359,23.124444071999996,2.967730506,0.630872464,4.674662016,8.160434101,2.414685088,0.630872464,0.0,5.666840001,14.41363341,2.075822565,16.477774592000003,4.323822122,0.630872464,0.53373384,0.53373384,43.325903608999994,19.912108791,0.0,0.0,1.698346194,11.566143713999999,7.830176167,0.630872464,1.702386504,1.522780405,5.0991122099999995,0.891907941,0.53373384,5.208395856,3.061330047,17.593220244,11.675245984,53.469360611000006,0.0,0.0,0.891907941,21.370461971999998,3.5014643459999997,1.425641781,9.46405467,33.852313116,0.891907941,11.793813820999999,3.68815001,20.621747424,9.427200532999999,19.384317272,3.785309148,0.0,0.891907941,2.075822565,0.630872464,0.53373384,1.168652664,8.884885863000001,1.1646063039999999,2.075822565,57.319535549,0.0,0.0,8.73649026,18.589319866,21.082436942999998,0.0,0.630872464,15.474307352,1.261778128,0.53373384,0.0,1.698346194,11.530194330999999,0.53373384,1.799525128,3.057280281,19.778244645999997,0.53373384,28.575595843000002,8.678340242,3.2404620690000003,8.281292856,6.710916654,3.057280281,6.508985121,1.261778128,2.523546441,11.914282837999998,26.88046418,2.232050031,0.0,0.0,206.2907062,4.856802674,40.010706674999994,2.784585324,1.892677383,26.836955239999998,2.337336513,18.190720394000003,0.0,0.891907941,1.444950101,3.50598768,34.274415862,10.379844311,11.879924379999999,0.630872464,2.134945535,0.53373384,20.23845845,1.06747373,0.0,3.404331772,3.046127668,11.503019691999999,1.444950101,0.0,8.897867656999999,23.15999384,0.078703232,0.026675883,0.131702925,0.16580065,0.0,0.001917426,0.0,0.0,0.0,0.0,0.10891767100000001,0.0,0.7401298119999999,0.0,0.0727907,0.119008083,1.11424523,0.330835875,0.038785565,0.018325221,3.0,3.0,"[[1, 3, 4], [0, 2, 4]]"
210x210,0.891907941,0.96942751,46.869264121,16.10929631,2.284229543,59.717673067,0.0,7.459846287,2.280216383,1.168652664,12.744617679000001,3.363576436,5.62503786,0.96942751,0.53373384,3.949188222,14.948486150999997,2.00748482,0.630872464,5.1593664310000005,8.160434101,3.868828851,0.630872464,0.484704415,4.2218899,14.41363341,0.630872464,15.032824491000001,5.302448232,0.630872464,0.53373384,1.50316135,46.73711824099999,28.17006099,0.0,0.0,3.1524899570000002,12.050848128999998,7.830176167,0.630872464,2.187090919,1.522780405,5.0991122099999995,0.891907941,0.53373384,5.208395856,3.061330047,17.593220244,13.614045773,52.02441051,0.0,0.0,0.891907941,17.035516314,2.5412186599999997,1.425641781,9.948759084999999,31.940943669000003,0.891907941,3.123957972,3.68815001,28.861705484999998,9.427200532999999,16.979107686,4.270013563,0.0,1.861335451,1.115576879,0.630872464,0.53373384,1.6533570789999998,9.854313373,1.1646063039999999,1.600299974,89.804699208,0.0,0.0,8.73649026,15.223801718,21.082436942999998,0.0,1.600299974,12.584393351,1.261778128,1.018438255,0.0,3.1524899570000002,10.569948644999998,1.018438255,2.284229543,3.057280281,13.998395979999998,0.53373384,29.069445531000003,10.617140031,2.280216383,8.281292856,8.174195526,3.057280281,11.840826111,1.746482543,2.523546441,2.284229543,26.88046418,2.232050031,0.96942751,0.0,179.07308487,4.856802674,29.930557748000002,2.784585324,1.892677383,20.105899179999998,3.306764023,15.785510808000002,0.0,1.376612356,0.484704415,4.47541519,34.292730834,14.257487191,13.343203251999999,0.630872464,2.134945535,0.53373384,16.388217207,1.06747373,0.0,2.444086086,4.024753778,11.99686938,0.0,0.484704415,8.897867656999999,32.853004505,0.078703232,0.068319124,0.135585604,0.19377632100000003,0.0,0.024974352,0.0,0.085128075,0.0,0.0,0.10891767100000001,0.0,1.0941938660000001,0.0,0.0727907,0.015747759,1.094591432,0.019994925,0.038785565,0.018325221,3.0,3.0,"[[1, 3, 4], [0, 3, 4]]"
211x211,0.0,3.8593415110000002,31.707081861,18.999210311,1.115576879,44.673715342,1.444950101,5.676033663,2.280216383,0.0,12.405755156000001,8.493816843,5.62503786,0.96942751,1.9786839410000001,10.282168418,30.648445141,2.56052698,0.630872464,0.484704415,5.8230975879999995,2.085016227,0.630872464,0.484704415,5.666840001,20.435781757999997,2.075822565,16.477774592000003,5.855490392,0.630872464,0.53373384,1.50316135,36.309194856,22.140926806,0.0,0.0,3.1524899570000002,9.990287524,1.98696408,0.630872464,1.018438255,0.630872464,15.974135466,0.0,0.53373384,0.53373384,7.9148257310000005,14.363975790000001,11.830233149000001,53.469360611000006,0.0,0.0,0.0,26.223957656,3.09426082,0.53373384,9.948759084999999,25.63448125,0.0,16.924054228,3.68815001,18.282102479,8.535292592,19.869021687,4.270013563,6.022148348,0.96942751,2.56052698,0.630872464,0.53373384,0.484704415,27.485800522999998,1.1646063039999999,3.0452500750000002,68.123123249,0.0,0.0,7.5678375959999995,18.390094712,5.920254683,0.0,1.600299974,14.582399411,1.261778128,1.018438255,0.0,3.1524899570000002,9.062433458,7.040586603,1.115576879,3.057280281,16.210624286999998,0.53373384,25.501274975,7.664674743,3.7251664840000003,6.497480232,6.051525268,3.057280281,9.165041967,1.746482543,8.545694789,23.274010508999996,0.0,2.232050031,0.96942751,0.0,217.12224205,3.68815001,30.787857279,1.892677383,1.892677383,11.676129367999998,0.96942751,21.129952798,0.0,0.484704415,1.929654516,0.96942751,20.261245968,9.797897563,7.6527329559999995,0.630872464,2.134945535,0.53373384,30.983026160999998,7.089622078,0.0,2.997128246,5.469703879,12.54991154,1.444950101,0.484704415,8.005959716,20.366481425,0.038788824,0.062739881,0.10942997900000001,0.117754668,0.002447184,0.023056926,0.0,0.085128075,0.0,0.0,0.09467962,0.0,0.9925400420000001,0.0,0.0727907,0.103260324,0.9889356820000001,0.335660703,0.038116339,0.018325221,3.0,3.0,"[[1, 3, 4], [1, 2, 3]]"
212x212,0.0,2.889914001,7.472274141,18.029782801,1.799525128,27.137324815000003,1.444950101,4.2218899,1.795511968,1.168652664,11.436327646,8.009112428,2.232050031,0.0,1.9786839410000001,10.282168418,33.384307368,2.075822565,0.630872464,4.674662016,8.160434101,0.630872464,0.630872464,0.0,5.666840001,20.435781757999997,2.075822565,16.477774592000003,3.431914181,0.630872464,0.53373384,0.53373384,33.514053903,10.993060606,0.0,0.0,1.698346194,10.674235773,7.830176167,0.630872464,1.702386504,0.630872464,17.14278813,0.0,0.53373384,5.208395856,9.083478395,16.701312303,9.89143336,53.469360611000006,0.0,0.0,0.0,27.39261032,2.609556405,0.53373384,9.46405467,26.716892719,0.0,16.924054228,3.68815001,17.054127065,8.535292592,19.384317272,3.785309148,6.022148348,0.0,2.075822565,0.630872464,0.53373384,1.168652664,31.191035029,1.1646063039999999,2.075822565,37.698997169,0.0,0.0,8.73649026,18.589319866,5.920254683,0.0,0.630872464,14.582399411,1.261778128,0.53373384,0.0,1.698346194,9.746381707,6.555882188,1.799525128,3.057280281,16.210624286999998,0.53373384,25.899811699,6.894527618,3.2404620690000003,6.497480232,3.143296295,3.057280281,3.8332009769999997,1.261778128,8.545694789,23.957958757999997,26.88046418,2.232050031,0.0,0.0,262.28147207,4.856802674,31.983362513,1.892677383,1.892677383,17.917907055,2.337336513,20.645248383000002,0.0,0.0,1.444950101,3.50598768,31.377516025,5.920254683,4.7445039829999995,0.630872464,2.134945535,0.53373384,30.498321746,7.089622078,0.0,2.512423831,3.046127668,10.611111751,1.444950101,0.0,8.005959716,10.67347076,0.054741784,0.02109664,0.126518076,0.141896289,0.002447184,0.001917426,0.0,0.0,0.0,0.0,0.09467962,0.0,0.710720719,0.0,0.0727907,0.118245268,1.0529989750000002,0.336403309,0.039176666,0.018325221,3.0,3.0,"[[1, 3, 4], [1, 2, 4]]"
213x213,0.0,0.96942751,31.707081861,16.10929631,2.284229543,47.011051855,0.0,5.676033663,2.280216383,1.168652664,10.960805055000002,8.493816843,5.62503786,0.96942751,0.53373384,3.057280281,25.208349447,1.115576879,0.630872464,5.1593664310000005,8.160434101,2.085016227,0.630872464,0.484704415,4.2218899,20.435781757999997,0.630872464,15.032824491000001,4.410540291,0.630872464,0.53373384,1.50316135,36.925268534999994,19.251012805,0.0,0.0,3.1524899570000002,11.158940187999999,7.830176167,0.630872464,2.187090919,0.630872464,17.14278813,0.0,0.53373384,5.208395856,9.083478395,16.701312303,11.830233149000001,52.02441051,0.0,0.0,0.0,23.057664662,1.6493107189999998,0.53373384,9.948759084999999,24.805523272000002,0.0,8.254198379,3.68815001,25.294085126,8.535292592,16.979107686,4.270013563,6.022148348,0.96942751,1.115576879,0.630872464,0.53373384,1.6533570789999998,32.160462539,1.1646063039999999,1.600299974,70.184160828,0.0,0.0,8.73649026,15.223801718,5.920254683,0.0,1.600299974,11.69248541,1.261778128,1.018438255,0.0,3.1524899570000002,8.786136021,7.040586603,2.284229543,3.057280281,10.430775620999999,0.53373384,26.393661387,8.833327407,2.280216383,6.497480232,4.606575167,3.057280281,9.165041967,1.746482543,8.545694789,14.327905462999999,26.88046418,2.232050031,0.96942751,0.0,235.06385074000002,4.856802674,21.903213586,1.892677383,1.892677383,11.186850995,3.306764023,18.240038797,0.0,0.484704415,0.484704415,4.47541519,31.395830996999997,9.797897563,6.207782855,0.630872464,2.134945535,0.53373384,26.648080503,7.089622078,0.0,1.5521781449999998,4.024753778,11.104961439,0.0,0.484704415,8.005959716,20.366481425,0.054741784,0.062739881,0.130400755,0.16987196000000002,0.002447184,0.024974352,0.0,0.085128075,0.0,0.0,0.09467962,0.0,1.064784773,0.0,0.0727907,0.014984944,1.0333451770000002,0.025562359,0.039176666,0.018325221,3.0,3.0,"[[1, 3, 4], [1, 3, 4]]"
214x214,0.0,3.8593415110000002,31.707081861,18.999210311,2.284229543,40.988903506999996,1.444950101,5.676033663,2.280216383,1.168652664,12.405755156000001,2.471668495,5.62503786,0.96942751,1.9786839410000001,10.282168418,23.279431236999997,2.56052698,0.630872464,5.1593664310000005,8.160434101,2.085016227,0.630872464,0.484704415,5.666840001,14.41363341,2.075822565,16.477774592000003,5.855490392,0.630872464,0.53373384,1.50316135,39.815182535999995,22.140926806,0.0,0.0,3.1524899570000002,11.158940187999999,7.830176167,0.630872464,2.187090919,0.630872464,5.0991122099999995,0.0,0.53373384,5.208395856,3.061330047,16.701312303,11.830233149000001,53.469360611000006,0.0,0.0,0.0,21.370461971999998,3.09426082,0.53373384,9.948759084999999,29.14046893,0.0,10.90190588,3.68815001,25.294085126,8.535292592,19.869021687,4.270013563,0.0,0.96942751,2.56052698,0.630872464,0.53373384,1.6533570789999998,8.070500749,1.1646063039999999,3.0452500750000002,71.629110929,0.0,0.0,8.73649026,19.558747376,5.920254683,0.0,1.600299974,14.582399411,1.261778128,1.018438255,0.0,3.1524899570000002,10.231086121999999,1.018438255,2.284229543,3.057280281,16.210624286999998,0.53373384,27.838611488,8.833327407,3.7251664840000003,6.497480232,6.051525268,3.057280281,9.165041967,1.746482543,2.523546441,12.398987252999998,26.88046418,2.232050031,0.96942751,0.0,197.71626701,4.856802674,37.799839926000004,1.892677383,1.892677383,19.856706843999998,3.306764023,15.10780445,0.0,0.484704415,1.929654516,4.47541519,28.263596649999997,9.797897563,7.6527329559999995,0.630872464,2.134945535,0.53373384,18.939350241,1.06747373,0.0,2.997128246,5.469703879,12.54991154,1.444950101,0.484704415,8.005959716,20.366481425,0.052354382000000005,0.062739881,0.12293141200000002,0.166524703,0.0,0.024974352,0.0,0.085128075,0.0,0.0,0.09467962,0.0,1.3522929620000002,0.0,0.0727907,0.118245268,0.9082493620000002,0.330835875,0.038785565,0.018325221,3.0,3.0,"[[1, 3, 4], [2, 3, 4]]"
215x215,0.891907941,2.889914001,24.415706219999997,11.795952238000002,0.0,44.679135217,1.444950101,6.413756125,0.53373384,0.0,17.70991232,8.901020369,1.601177567,0.0,1.9786839410000001,9.541131426,29.63966156,2.3368580420000002,0.0,1.781249819,4.4499312369999995,1.783812624,0.0,0.0,2.512423831,7.446483696,1.444950101,19.186445364,6.105071941,0.0,0.53373384,0.53373384,32.545995387,19.281236327000002,0.0,0.0,1.06747373,9.135712922,1.98696408,0.0,1.424335348,0.891907941,18.274827109,0.891907941,0.53373384,0.53373384,6.912749856,13.882717379999999,15.757129344,13.721951471,0.0,0.890601508,0.891907941,13.234659594,2.8705918820000003,1.425641781,0.0,38.361064976,0.891907941,17.185089705,10.330656737,10.715057136999999,11.096992921,10.069389939,2.671808307,8.693956655000001,0.891907941,1.444950101,0.0,0.53373384,0.0,29.079316561,0.53373384,2.3355516090000004,54.333019560000004,0.0,0.0,2.52069792,16.789794738,19.968936102,0.890601508,0.0,9.684981376,2.671808307,0.53373384,0.0,1.06747373,10.881013358,6.555882188,6.234358059,0.53373384,26.82757869,0.53373384,27.202771770000002,5.876742645,1.9786839410000001,9.320216186,6.08004419,2.314983659,5.878112657,0.0,6.022148348,23.049035138,0.0,3.382427386,0.890601508,0.0,225.69668123999998,0.53373384,33.183852996,0.891907941,0.0,20.437627583,0.0,28.443063377999998,0.0,0.891907941,1.444950101,0.0,22.486756032000002,8.375784981999999,12.139653423999999,0.890601508,3.025547043,1.424335348,33.504997780000004,7.089622078,0.0,3.404331772,4.827377487,12.541943022,1.444950101,0.0,8.897867656999999,24.050595348,0.06513767399999999,0.038760957,0.129672642,0.11733052299999999,0.002447184,0.0,0.0,0.0,0.0,0.0,0.120528352,0.0,0.316917282,0.0,0.048409627,0.104023139,1.1532193149999999,0.335660703,0.038116339,0.00828011,3.0,3.0,"[[2, 3, 4], [0, 1, 2]]"
216x216,0.891907941,0.96942751,48.650513939999996,9.875465747,0.484704415,64.552862257,0.0,7.867899888,1.018438255,0.0,17.234389729,9.385724783999999,4.994165396,0.96942751,0.53373384,2.316243289,21.463703639000002,1.376612356,0.0,2.265954234,4.4499312369999995,3.237956387,0.0,0.484704415,1.06747373,7.446483696,0.0,17.741495263,7.083698051000001,0.0,0.53373384,1.50316135,35.957210019,27.539188526,0.0,0.0,2.521617493,9.620417337,1.98696408,0.0,1.909039763,0.891907941,18.274827109,0.891907941,0.53373384,0.53373384,6.912749856,13.882717379999999,17.695929133,12.27700137,0.0,0.890601508,0.891907941,8.899713936,1.9103461959999999,1.425641781,0.484704415,36.449695528999996,0.891907941,8.515233856,10.330656737,18.955015197999998,11.096992921,7.664180353,3.156512722,8.693956655000001,1.861335451,0.484704415,0.0,0.53373384,0.484704415,30.048744070999998,0.53373384,1.860029018,86.81818321899999,0.0,0.0,2.52069792,13.424276590000002,19.968936102,0.890601508,0.96942751,6.795067375,2.671808307,1.018438255,0.0,2.521617493,9.920767672,7.040586603,6.719062474,0.53373384,21.047730024,0.53373384,27.696621458000003,7.815542434,1.018438255,9.320216186,7.543323062,2.314983659,11.209953646999999,0.484704415,6.022148348,13.418981843,0.0,3.382427386,1.860029018,0.0,198.47905991,0.53373384,23.103704069000003,0.891907941,0.0,13.706571523000001,0.96942751,26.037853791999996,0.0,1.376612356,0.484704415,0.96942751,22.505071004,12.253427861999999,13.602932295999999,0.890601508,3.025547043,1.424335348,29.654756537,7.089622078,0.0,2.444086086,5.806003597,13.035792709999999,0.0,0.484704415,8.897867656999999,33.743606013000004,0.06513767399999999,0.080404198,0.133555321,0.145306194,0.002447184,0.023056926,0.0,0.085128075,0.0,0.0,0.120528352,0.0,0.6709813360000001,0.0,0.048409627,0.000762815,1.1335655169999999,0.024819753,0.038116339,0.00828011,3.0,3.0,"[[2, 3, 4], [0, 1, 3]]"
217x217,0.891907941,0.0,24.415706219999997,8.906038237,1.168652664,47.01647173,0.0,6.413756125,0.53373384,1.168652664,16.264962219,8.901020369,1.601177567,0.0,0.53373384,2.316243289,24.199565866,0.891907941,0.0,6.455911835,6.78726775,1.783812624,0.0,0.0,1.06747373,7.446483696,0.0,17.741495263,4.66012184,0.0,0.53373384,0.53373384,33.162069066,16.391322326,0.0,0.0,1.06747373,10.304365586,7.830176167,0.0,2.592988012,0.891907941,19.443479773,0.891907941,0.53373384,5.208395856,8.08140252,16.220053893,15.757129344,12.27700137,0.0,0.890601508,0.891907941,10.0683666,1.425641781,1.425641781,0.0,37.532106997999996,0.891907941,8.515233856,10.330656737,17.727039784,11.096992921,7.1794759379999995,2.671808307,8.693956655000001,0.891907941,0.0,0.0,0.53373384,1.168652664,33.753978577,0.53373384,0.890601508,56.394057139,0.0,0.0,3.6893505839999996,13.623501744,19.968936102,0.890601508,0.0,6.795067375,2.671808307,0.53373384,0.0,1.06747373,10.604715921,6.555882188,7.4030107229999995,0.53373384,21.047730024,0.53373384,28.095158182000002,7.045395309,0.53373384,9.320216186,4.635094089,2.314983659,5.878112657,0.0,6.022148348,14.102930092,26.88046418,3.382427386,0.890601508,0.0,243.63828992999998,1.702386504,24.299209303,0.891907941,0.0,19.94834921,2.337336513,25.553149376999997,0.0,0.891907941,0.0,3.50598768,33.621341061,8.375784981999999,10.694703322999999,0.890601508,3.025547043,1.424335348,29.170052122,7.089622078,0.0,1.959381671,3.382427386,11.096992921,0.0,0.0,8.897867656999999,24.050595348,0.081090634,0.038760957,0.150643418,0.169447815,0.002447184,0.001917426,0.0,0.0,0.0,0.0,0.120528352,0.0,0.389162013,0.0,0.048409627,0.015747759,1.1976288099999999,0.025562359,0.039176666,0.00828011,3.0,3.0,"[[2, 3, 4], [0, 1, 4]]"
218x218,0.891907941,3.8593415110000002,48.650513939999996,12.765379748,0.484704415,58.530713909,1.444950101,7.867899888,1.018438255,0.0,18.67933983,3.363576436,4.994165396,0.96942751,1.9786839410000001,9.541131426,19.534785429,2.821562457,0.0,2.265954234,4.4499312369999995,3.237956387,0.0,0.484704415,2.512423831,1.424335348,1.444950101,19.186445364,8.528648152,0.0,0.53373384,1.50316135,38.847124019999995,30.429102527,0.0,0.0,2.521617493,9.620417337,1.98696408,0.0,1.909039763,0.891907941,6.231151189,0.891907941,0.53373384,0.53373384,0.890601508,13.882717379999999,17.695929133,13.721951471,0.0,0.890601508,0.891907941,7.212511246,3.355296297,1.425641781,0.484704415,40.784641187,0.891907941,11.162941357,10.330656737,18.955015197999998,11.096992921,10.554094354,3.156512722,2.671808307,1.861335451,1.929654516,0.0,0.53373384,0.484704415,5.958782281,0.53373384,3.3049791190000004,88.26313332000001,0.0,0.0,2.52069792,17.759222248,19.968936102,0.890601508,0.96942751,9.684981376,2.671808307,1.018438255,0.0,2.521617493,11.365717773,1.018438255,6.719062474,0.53373384,26.82757869,0.53373384,29.141571559000003,7.815542434,2.4633883560000003,9.320216186,8.988273162999999,2.314983659,11.209953646999999,0.484704415,0.0,11.490063632999998,0.0,3.382427386,1.860029018,0.0,161.13147618,0.53373384,39.000330409,0.891907941,0.0,22.376427372000002,0.96942751,22.905619445,0.0,1.376612356,1.929654516,0.96942751,19.372836657,12.253427861999999,15.047882396999999,0.890601508,3.025547043,1.424335348,21.946026274999998,1.06747373,0.0,3.889036187,7.250953698,14.480742810999999,1.444950101,0.484704415,8.897867656999999,33.743606013000004,0.062750272,0.080404198,0.12608597800000002,0.141958937,0.0,0.023056926,0.0,0.085128075,0.0,0.0,0.120528352,0.0,0.9584895250000001,0.0,0.048409627,0.104023139,1.008469702,0.330093269,0.037725238,0.00828011,3.0,3.0,"[[2, 3, 4], [0, 2, 3]]"
219x219,0.891907941,2.889914001,24.415706219999997,11.795952238000002,1.168652664,40.994323382,1.444950101,6.413756125,0.53373384,1.168652664,17.70991232,2.878872021,1.601177567,0.0,1.9786839410000001,9.541131426,22.270647655999998,2.3368580420000002,0.0,6.455911835,6.78726775,1.783812624,0.0,0.0,2.512423831,1.424335348,1.444950101,19.186445364,6.105071941,0.0,0.53373384,0.53373384,36.051983066999995,19.281236327000002,0.0,0.0,1.06747373,10.304365586,7.830176167,0.0,2.592988012,0.891907941,7.399803853,0.891907941,0.53373384,5.208395856,2.059254172,16.220053893,15.757129344,13.721951471,0.0,0.890601508,0.891907941,8.38116391,2.8705918820000003,1.425641781,0.0,41.867052656,0.891907941,11.162941357,10.330656737,17.727039784,11.096992921,10.069389939,2.671808307,2.671808307,0.891907941,1.444950101,0.0,0.53373384,1.168652664,9.664016787000001,0.53373384,2.3355516090000004,57.83900724,0.0,0.0,3.6893505839999996,17.958447402,19.968936102,0.890601508,0.0,9.684981376,2.671808307,0.53373384,0.0,1.06747373,12.049666022,0.53373384,7.4030107229999995,0.53373384,26.82757869,0.53373384,29.540108283000002,7.045395309,1.9786839410000001,9.320216186,6.08004419,2.314983659,5.878112657,0.0,0.0,12.174011881999999,26.88046418,3.382427386,0.890601508,0.0,206.2907062,1.702386504,40.195835642999995,0.891907941,0.0,28.618205059,2.337336513,22.42091503,0.0,0.891907941,1.444950101,3.50598768,30.489106714000002,8.375784981999999,12.139653423999999,0.890601508,3.025547043,1.424335348,21.461321859999998,1.06747373,0.0,3.404331772,4.827377487,12.541943022,1.444950101,0.0,8.897867656999999,24.050595348,0.078703232,0.038760957,0.143174075,0.166100558,0.0,0.001917426,0.0,0.0,0.0,0.0,0.120528352,0.0,0.6766702019999999,0.0,0.048409627,0.119008083,1.072532995,0.330835875,0.038785565,0.00828011,3.0,3.0,"[[2, 3, 4], [0, 2, 4]]"
220x220,0.891907941,0.96942751,48.650513939999996,9.875465747,1.6533570789999998,60.868050421999996,0.0,7.867899888,1.018438255,1.168652664,17.234389729,3.363576436,4.994165396,0.96942751,0.53373384,2.316243289,14.094689735,1.376612356,0.0,6.94061625,6.78726775,3.237956387,0.0,0.484704415,1.06747373,1.424335348,0.0,17.741495263,7.083698051000001,0.0,0.53373384,1.50316135,39.463197699,27.539188526,0.0,0.0,2.521617493,10.789070000999999,7.830176167,0.0,3.0776924269999997,0.891907941,7.399803853,0.891907941,0.53373384,5.208395856,2.059254172,16.220053893,17.695929133,12.27700137,0.0,0.890601508,0.891907941,4.046218252,1.9103461959999999,1.425641781,0.484704415,39.95568320899999,0.891907941,2.493085508,10.330656737,25.966997844999998,11.096992921,7.664180353,3.156512722,2.671808307,1.861335451,0.484704415,0.0,0.53373384,1.6533570789999998,10.633444297,0.53373384,1.860029018,90.324170899,0.0,0.0,3.6893505839999996,14.592929254000001,19.968936102,0.890601508,0.96942751,6.795067375,2.671808307,1.018438255,0.0,2.521617493,11.089420336,1.018438255,7.887715138,0.53373384,21.047730024,0.53373384,30.033957971000003,8.984195098,1.018438255,9.320216186,7.543323062,2.314983659,11.209953646999999,0.484704415,0.0,2.5439585869999997,26.88046418,3.382427386,1.860029018,0.0,179.07308487,1.702386504,30.115686716000003,0.891907941,0.0,21.887148999,3.306764023,20.015705443999998,0.0,1.376612356,0.484704415,4.47541519,30.507421686,12.253427861999999,13.602932295999999,0.890601508,3.025547043,1.424335348,17.611080617,1.06747373,0.0,2.444086086,5.806003597,13.035792709999999,0.0,0.484704415,8.897867656999999,33.743606013000004,0.078703232,0.080404198,0.147056754,0.194076229,0.0,0.024974352,0.0,0.085128075,0.0,0.0,0.120528352,0.0,1.0307342560000001,0.0,0.048409627,0.015747759,1.052879197,0.019994925,0.038785565,0.00828011,3.0,3.0,"[[2, 3, 4], [0, 3, 4]]"
221x221,0.0,3.8593415110000002,33.48833168,12.765379748,0.484704415,45.824092697,1.444950101,6.084087264,1.018438255,0.0,16.895527206,8.493816843,4.994165396,0.96942751,1.9786839410000001,8.649223485,29.794648725000002,1.929654516,0.0,2.265954234,4.4499312369999995,1.454143763,0.0,0.484704415,2.512423831,7.446483696,1.444950101,19.186445364,7.636740210999999,0.0,0.53373384,1.50316135,29.035274314000002,21.510054342,0.0,0.0,2.521617493,8.728509396,1.98696408,0.0,1.909039763,0.0,18.274827109,0.0,0.53373384,0.53373384,6.912749856,12.990809439,15.912116509,13.721951471,0.0,0.890601508,0.0,13.234659594,2.4633883560000003,0.53373384,0.484704415,33.649220789999994,0.0,16.293181764,10.330656737,15.387394838999999,10.20508498,10.554094354,3.156512722,8.693956655000001,0.96942751,1.929654516,0.0,0.53373384,0.484704415,28.264931447,0.53373384,3.3049791190000004,68.64259494000001,0.0,0.0,2.52069792,17.759222248,4.806753842,0.890601508,0.96942751,8.793073435,2.671808307,1.018438255,0.0,2.521617493,9.581905149,7.040586603,6.719062474,0.53373384,23.259958331,0.53373384,26.465787415,6.03172981,2.4633883560000003,7.536403562,5.4206528039999995,2.314983659,8.534169503,0.484704415,6.022148348,23.533739553,0.0,3.382427386,1.860029018,0.0,217.12224205,0.53373384,30.972986247,0.0,0.0,13.457379187,0.96942751,25.360147434,0.0,0.484704415,1.929654516,0.96942751,16.47593682,7.793838234,7.912462,0.890601508,3.025547043,1.424335348,32.205889571,7.089622078,0.0,2.997128246,7.250953698,13.58883487,1.444950101,0.484704415,8.005959716,21.257082933,0.038788824,0.074824955,0.120901129,0.118054576,0.002447184,0.023056926,0.0,0.085128075,0.0,0.0,0.106290301,0.0,0.9290804320000001,0.0,0.048409627,0.103260324,0.947223447,0.335660703,0.038116339,0.00828011,3.0,3.0,"[[2, 3, 4], [1, 2, 3]]"
222x222,0.0,2.889914001,9.253523959999999,11.795952238000002,1.168652664,28.28770217,1.444950101,4.629943501,0.53373384,1.168652664,15.926099696000001,8.009112428,1.601177567,0.0,1.9786839410000001,8.649223485,32.530510952,1.444950101,0.0,6.455911835,6.78726775,0.0,0.0,0.0,2.512423831,7.446483696,1.444950101,19.186445364,5.213164,0.0,0.53373384,0.53373384,26.240133361,10.362188142,0.0,0.0,1.06747373,9.412457645,7.830176167,0.0,2.592988012,0.0,19.443479773,0.0,0.53373384,5.208395856,8.08140252,15.328145952,13.973316720000001,13.721951471,0.0,0.890601508,0.0,14.403312258,1.9786839410000001,0.53373384,0.0,34.731632258999994,0.0,16.293181764,10.330656737,14.159419425,10.20508498,10.069389939,2.671808307,8.693956655000001,0.0,1.444950101,0.0,0.53373384,1.168652664,31.970165953,0.53373384,2.3355516090000004,38.21846886,0.0,0.0,3.6893505839999996,17.958447402,4.806753842,0.890601508,0.0,8.793073435,2.671808307,0.53373384,0.0,1.06747373,10.265853398,6.555882188,7.4030107229999995,0.53373384,23.259958331,0.53373384,26.864324139,5.261582685,1.9786839410000001,7.536403562,2.512423831,2.314983659,3.202328513,0.0,6.022148348,24.217687802,26.88046418,3.382427386,0.890601508,0.0,262.28147207,1.702386504,32.168491481000004,0.0,0.0,19.699156874,2.337336513,24.875443019000002,0.0,0.0,1.444950101,3.50598768,27.592206877000002,3.916195354,5.004233027,0.890601508,3.025547043,1.424335348,31.721185156,7.089622078,0.0,2.512423831,4.827377487,11.650035081,1.444950101,0.0,8.005959716,11.564072268,0.054741784,0.033181714,0.137989226,0.142196197,0.002447184,0.001917426,0.0,0.0,0.0,0.0,0.106290301,0.0,0.647261109,0.0,0.048409627,0.118245268,1.01128674,0.336403309,0.039176666,0.00828011,3.0,3.0,"[[2, 3, 4], [1, 2, 4]]"
223x223,0.0,0.96942751,33.48833168,9.875465747,1.6533570789999998,48.161429209999994,0.0,6.084087264,1.018438255,1.168652664,15.450577105,8.493816843,4.994165396,0.96942751,0.53373384,1.424335348,24.354553031000002,0.484704415,0.0,6.94061625,6.78726775,1.454143763,0.0,0.484704415,1.06747373,7.446483696,0.0,17.741495263,6.1917901099999995,0.0,0.53373384,1.50316135,29.651347993,18.620140341,0.0,0.0,2.521617493,9.89716206,7.830176167,0.0,3.0776924269999997,0.0,19.443479773,0.0,0.53373384,5.208395856,8.08140252,15.328145952,15.912116509,12.27700137,0.0,0.890601508,0.0,10.0683666,1.018438255,0.53373384,0.484704415,32.820262811999996,0.0,7.623325915,10.330656737,22.399377486,10.20508498,7.664180353,3.156512722,8.693956655000001,0.96942751,0.484704415,0.0,0.53373384,1.6533570789999998,32.939593463,0.53373384,1.860029018,70.703632519,0.0,0.0,3.6893505839999996,14.592929254000001,4.806753842,0.890601508,0.96942751,5.903159434,2.671808307,1.018438255,0.0,2.521617493,9.305607712,7.040586603,7.887715138,0.53373384,17.480109665,0.53373384,27.358173827,7.2003824739999995,1.018438255,7.536403562,3.9757027029999996,2.314983659,8.534169503,0.484704415,6.022148348,14.587634506999999,26.88046418,3.382427386,1.860029018,0.0,235.06385074000002,1.702386504,22.088342554,0.0,0.0,12.968100814,3.306764023,22.470233433,0.0,0.484704415,0.484704415,4.47541519,27.610521849,7.793838234,6.467511899,0.890601508,3.025547043,1.424335348,27.870943913,7.089622078,0.0,1.5521781449999998,5.806003597,12.143884769,0.0,0.484704415,8.005959716,21.257082933,0.054741784,0.074824955,0.141871905,0.170171868,0.002447184,0.024974352,0.0,0.085128075,0.0,0.0,0.106290301,0.0,1.001325163,0.0,0.048409627,0.014984944,0.9916329420000001,0.025562359,0.039176666,0.00828011,3.0,3.0,"[[2, 3, 4], [1, 3, 4]]"
224x224,0.0,3.8593415110000002,33.48833168,12.765379748,1.6533570789999998,42.13928086199999,1.444950101,6.084087264,1.018438255,1.168652664,16.895527206,2.471668495,4.994165396,0.96942751,1.9786839410000001,8.649223485,22.425634821,1.929654516,0.0,6.94061625,6.78726775,1.454143763,0.0,0.484704415,2.512423831,1.424335348,1.444950101,19.186445364,7.636740210999999,0.0,0.53373384,1.50316135,32.541261994,21.510054342,0.0,0.0,2.521617493,9.89716206,7.830176167,0.0,3.0776924269999997,0.0,7.399803853,0.0,0.53373384,5.208395856,2.059254172,15.328145952,15.912116509,13.721951471,0.0,0.890601508,0.0,8.38116391,2.4633883560000003,0.53373384,0.484704415,37.15520846999999,0.0,10.271033416,10.330656737,22.399377486,10.20508498,10.554094354,3.156512722,2.671808307,0.96942751,1.929654516,0.0,0.53373384,1.6533570789999998,8.849631673000001,0.53373384,3.3049791190000004,72.14858262000001,0.0,0.0,3.6893505839999996,18.927874912,4.806753842,0.890601508,0.96942751,8.793073435,2.671808307,1.018438255,0.0,2.521617493,10.750557813,1.018438255,7.887715138,0.53373384,23.259958331,0.53373384,28.803123928,7.2003824739999995,2.4633883560000003,7.536403562,5.4206528039999995,2.314983659,8.534169503,0.484704415,0.0,12.658716296999998,26.88046418,3.382427386,1.860029018,0.0,197.71626701,1.702386504,37.984968894000005,0.0,0.0,21.637956663,3.306764023,19.337999086,0.0,0.484704415,1.929654516,4.47541519,24.478287502,7.793838234,7.912462,0.890601508,3.025547043,1.424335348,20.162213651,1.06747373,0.0,2.997128246,7.250953698,13.58883487,1.444950101,0.484704415,8.005959716,21.257082933,0.052354382000000005,0.074824955,0.134402562,0.166824611,0.0,0.024974352,0.0,0.085128075,0.0,0.0,0.106290301,0.0,1.2888333520000002,0.0,0.048409627,0.118245268,0.8665371270000001,0.330835875,0.038785565,0.00828011,3.0,3.0,"[[2, 3, 4], [2, 3, 4]]"
225x225,0.891907941,3.8593415110000002,46.222456131,31.940602454,1.115576879,51.072121136999996,1.444950101,17.016790465,1.746482543,0.0,21.49442845,11.403382656000002,4.023860293,1.978289031,1.444950101,11.530944027,39.912881329,3.452434921,0.630872464,2.265954234,5.94452751,4.877690372,0.630872464,0.484704415,5.608227792,22.810307297999998,3.084684086,25.978246465,10.546306024,0.630872464,0.0,0.96942751,48.97820900000001,24.596562370999997,0.0,0.0,2.085016227,12.665423603,2.995825601,0.630872464,1.375305923,1.522780405,18.885581691,1.900769462,0.0,0.0,12.840781145,12.889522066999998,16.289025843,55.31752002100001,0.0,0.890601508,1.900769462,35.185242380999995,4.461296442,0.891907941,11.966416957,63.28604111599999,0.891907941,16.214784601999998,14.968996939,20.488111028,10.320988886,23.015957675,8.959479742,8.693956655000001,2.870196972,2.56052698,0.630872464,0.0,1.493565936,32.416549135,0.630872464,3.935851583,64.091729516,0.0,0.0,7.0341037559999995,18.865222393,29.689982932,0.890601508,1.600299974,15.120611636,3.933586435,0.484704415,0.0,2.085016227,7.765356607999999,6.506852763,7.3499349380000005,2.523546441,40.080094305,0.0,34.654402146,10.163281654,3.191432644,12.852624148,9.560533418,4.30479626,8.638497597999999,1.746482543,9.55455631,24.164612017,0.0,2.412122283,1.860029018,0.0,265.52043925199996,3.15441617,45.822850736999996,2.784585324,2.901538904,21.308953641999995,0.96942751,48.852650021,0.0,1.376612356,1.929654516,0.96942751,29.538134026999998,18.948007807,13.010073443,1.521473972,0.890601508,0.890601508,43.811596738999995,6.022148348,0.0,2.821562457,5.649776131,14.335607834000001,1.444950101,1.493565936,0.891907941,23.070135253,0.065137674,0.08403818599999999,0.12081866799999999,0.17022159400000003,0.002447184,0.023056926,0.0,0.085128075,0.014445687,0.0,0.305371509,0.0,1.0219491350000003,0.0,0.121200327,0.120832416,1.508071118,0.330996334,0.023637827000000004,0.044863728,4.0,4.0,"[[0, 1, 2, 3], [0, 1, 2, 3]]"
226x226,0.891907941,2.889914001,21.987648411000002,30.971174944,1.799525128,33.53573061,1.444950101,15.562646701999999,1.261778128,1.168652664,20.52500094,10.918678241,0.630872464,1.008861521,1.444950101,11.530944027,42.648743556,2.967730506,0.630872464,6.455911835,8.281864023,3.4235466089999997,0.630872464,0.0,5.608227792,22.810307297999998,3.084684086,25.978246465,8.122729813,0.630872464,0.0,0.0,46.183068047000006,13.448696170999998,0.0,0.0,0.630872464,13.349371852,8.839037688000001,0.630872464,2.059254172,1.522780405,20.054234355,1.900769462,0.0,4.674662016,14.009433808999999,15.226858579999998,14.350226054,55.31752002100001,0.0,0.890601508,1.900769462,36.353895045,3.976592027,0.891907941,11.481712542,64.368452585,0.891907941,16.214784601999998,14.968996939,19.260135614,10.320988886,22.53125326,8.474775327,8.693956655000001,1.900769462,2.075822565,0.630872464,0.0,2.1775141849999997,36.121783641,0.630872464,2.9664240729999998,33.667603436,0.0,0.0,8.20275642,19.064447547,29.689982932,0.890601508,0.630872464,15.120611636,3.933586435,0.0,0.0,0.630872464,8.449304857,6.022148348,8.033883187,2.523546441,40.080094305,0.0,35.05293887,9.393134529000001,2.7067282290000003,12.852624148,6.652304445,4.30479626,3.306656608,1.261778128,9.55455631,24.848560265999996,26.88046418,2.412122283,0.890601508,0.0,310.679669272,4.323068834,47.018355971,2.784585324,2.901538904,27.550731328999998,2.337336513,48.367945606000006,0.0,0.891907941,1.444950101,3.50598768,40.654404084,15.070364927,10.10184447,1.521473972,0.890601508,0.890601508,43.326892324,6.022148348,0.0,2.3368580420000002,3.22619992,12.396808045,1.444950101,1.008861521,0.891907941,13.377124588,0.081090634,0.042394944999999996,0.137906765,0.19436321499999998,0.002447184,0.001917426,0.0,0.0,0.014445687,0.0,0.305371509,0.0,0.740129812,0.0,0.121200327,0.13581736,1.572134411,0.33173894,0.024698154000000003,0.044863728,4.0,4.0,"[[0, 1, 2, 3], [0, 1, 2, 4]]"
227x227,0.891907941,0.96942751,46.222456131,29.050688453,2.284229543,53.40945764999999,0.0,17.016790465,1.746482543,1.168652664,20.049478349000005,11.403382656000002,4.023860293,1.978289031,0.0,4.3060558900000006,34.472785634999994,2.00748482,0.630872464,6.940616250000001,8.281864023,4.877690372,0.630872464,0.484704415,4.163277691,22.810307297999998,1.639733985,24.533296364,9.101355923,0.630872464,0.0,0.96942751,49.594282679,21.706648369999996,0.0,0.0,2.085016227,13.834076267,8.839037688000001,0.630872464,2.5439585869999997,1.522780405,20.054234355,1.900769462,0.0,4.674662016,14.009433808999999,15.226858579999998,16.289025843,53.872569920000004,0.0,0.890601508,1.900769462,32.018949387,3.016346341,0.891907941,11.966416957,62.457083137999994,0.891907941,7.544928753000001,14.968996939,27.500093675,10.320988886,20.126043673999998,8.959479742,8.693956655000001,2.870196972,1.115576879,0.630872464,0.0,2.6622186,37.091211150999996,0.630872464,2.490901482,66.15276709499999,0.0,0.0,8.20275642,15.698929399,29.689982932,0.890601508,1.600299974,12.230697634999999,3.933586435,0.484704415,0.0,2.085016227,7.489059170999999,6.506852763,8.518587602,2.523546441,34.300245639,0.0,35.546788558,11.331934318,1.746482543,12.852624148,8.115583317,4.30479626,8.638497597999999,1.746482543,9.55455631,15.218506971,26.88046418,2.412122283,1.860029018,0.0,283.46204794199997,4.323068834,36.938207044,2.784585324,2.901538904,20.819675268999998,3.306764023,45.96273602,0.0,1.376612356,0.484704415,4.47541519,40.672719056,18.948007807,11.565123342,1.521473972,0.890601508,0.890601508,39.476651081,6.022148348,0.0,1.376612356,4.2048260299999995,12.890657733000001,0.0,1.493565936,0.891907941,23.070135253,0.081090634,0.08403818599999999,0.141789444,0.222338886,0.002447184,0.024974352,0.0,0.085128075,0.014445687,0.0,0.305371509,0.0,1.094193866,0.0,0.121200327,0.032557036,1.552480613,0.020897989999999998,0.024698154000000003,0.044863728,4.0,4.0,"[[0, 1, 2, 3], [0, 1, 3, 4]]"
228x228,0.891907941,3.8593415110000002,46.222456131,31.940602454,2.284229543,47.387309302,1.444950101,17.016790465,1.746482543,1.168652664,21.49442845,5.381234308,4.023860293,1.978289031,1.444950101,11.530944027,32.543867425,3.452434921,0.630872464,6.940616250000001,8.281864023,4.877690372,0.630872464,0.484704415,5.608227792,16.78815895,3.084684086,25.978246465,10.546306024,0.630872464,0.0,0.96942751,52.48419668,24.596562370999997,0.0,0.0,2.085016227,13.834076267,8.839037688000001,0.630872464,2.5439585869999997,1.522780405,8.010558435,1.900769462,0.0,4.674662016,7.987285460999999,15.226858579999998,16.289025843,55.31752002100001,0.0,0.890601508,1.900769462,30.331746696999996,4.461296442,0.891907941,11.966416957,66.792028796,0.891907941,10.192636253999998,14.968996939,27.500093675,10.320988886,23.015957675,8.959479742,2.671808307,2.870196972,2.56052698,0.630872464,0.0,2.6622186,13.001249361,0.630872464,3.935851583,67.59771719599999,0.0,0.0,8.20275642,20.033875057,29.689982932,0.890601508,1.600299974,15.120611636,3.933586435,0.484704415,0.0,2.085016227,8.934009272,0.484704415,8.518587602,2.523546441,40.080094305,0.0,36.991738659,11.331934318,3.191432644,12.852624148,9.560533418,4.30479626,8.638497597999999,1.746482543,3.532407962,13.289588760999997,26.88046418,2.412122283,1.860029018,0.0,246.114464212,4.323068834,52.834833384,2.784585324,2.901538904,29.489531118,3.306764023,42.830501673,0.0,1.376612356,1.929654516,4.47541519,37.540484709,18.948007807,13.010073443,1.521473972,0.890601508,0.890601508,31.767920819,0.0,0.0,2.821562457,5.649776131,14.335607834000001,1.444950101,1.493565936,0.891907941,23.070135253,0.078703232,0.08403818599999999,0.134320101,0.21899162900000002,0.0,0.024974352,0.0,0.085128075,0.014445687,0.0,0.305371509,0.0,1.381702055,0.0,0.121200327,0.13581736,1.4273847979999998,0.326171506,0.024307053000000002,0.044863728,4.0,4.0,"[[0, 1, 2, 3], [0, 2, 3, 4]]"
229x229,0.0,3.8593415110000002,31.060273871,31.940602454,2.284229543,34.68068809,1.444950101,15.232977840999999,1.746482543,1.168652664,19.710615826,10.511474715,4.023860293,1.978289031,1.444950101,10.639036086,42.803730720999994,2.56052698,0.630872464,6.940616250000001,8.281864023,3.0938777479999997,0.630872464,0.484704415,5.608227792,22.810307297999998,3.084684086,25.978246465,9.654398083,0.630872464,0.0,0.96942751,42.672346974,15.677514186,0.0,0.0,2.085016227,12.942168326,8.839037688000001,0.630872464,2.5439585869999997,0.630872464,20.054234355,1.008861521,0.0,4.674662016,14.009433808999999,14.334950638999999,14.505213219000002,55.31752002100001,0.0,0.890601508,1.008861521,36.353895045,3.5693885009999997,0.0,11.966416957,59.65660839899999,0.0,15.322876660999999,14.968996939,23.932473316,9.429080945,23.015957675,8.959479742,8.693956655000001,1.978289031,2.56052698,0.630872464,0.0,2.6622186,35.307398527,0.630872464,3.935851583,47.977178816,0.0,0.0,8.20275642,20.033875057,14.527800671999998,0.890601508,1.600299974,14.228703695,3.933586435,0.484704415,0.0,2.085016227,7.150196648,6.506852763,8.518587602,2.523546441,36.512473946,0.0,34.315954515,9.548121693999999,3.191432644,11.068811524000001,5.992913058999999,4.30479626,5.962713454,1.746482543,9.55455631,25.333264680999996,26.88046418,2.412122283,1.860029018,0.0,302.105230082,4.323068834,44.807489222,1.892677383,2.901538904,20.570482932999997,3.306764023,45.285029662,0.0,0.484704415,1.929654516,4.47541519,34.643584872,14.488418179,5.874653046,1.521473972,0.890601508,0.890601508,42.027784115,6.022148348,0.0,1.929654516,5.649776131,13.443699893000002,1.444950101,1.493565936,0.0,10.583612172999999,0.054741784,0.078458943,0.129135252,0.19508726800000004,0.002447184,0.024974352,0.0,0.085128075,0.014445687,0.0,0.291133458,0.0,1.352292962,0.0,0.121200327,0.135054545,1.366138543,0.33173894,0.024698154000000003,0.044863728,4.0,4.0,"[[0, 1, 2, 3], [1, 2, 3, 4]]"
230x230,0.891907941,3.8593415110000002,53.694730272,31.940602454,1.115576879,69.21908862699999,1.444950101,18.084264195,2.280216383,0.0,19.121672226,9.416418576000002,5.62503786,1.978289031,1.9786839410000001,12.064677867,42.047826864,3.452434921,0.630872464,2.265954234,8.613208927999999,4.877690372,0.630872464,0.484704415,6.675701522,23.344041138,3.084684086,20.699050996999997,8.559341944,0.630872464,0.53373384,1.50316135,51.55683156400001,32.068836512,0.0,0.0,3.1524899570000002,12.961361002,1.008861521,0.630872464,1.909039763,1.522780405,21.554263109,1.900769462,0.53373384,0.53373384,12.840781145,24.099081686999998,12.996733447,67.59452139100001,0.0,0.890601508,1.900769462,33.198278301,4.995030282,1.425641781,11.966416957,67.02213169699999,0.891907941,17.815962169,15.502730779,22.771018138,9.015736513,19.575757724,8.959479742,8.693956655000001,2.870196972,2.56052698,0.630872464,0.53373384,1.493565936,32.950282975,1.1646063039999999,3.935851583,95.578010776,0.0,0.0,5.580873516,7.477840992999999,31.824928467,0.890601508,1.600299974,15.268593091,3.933586435,1.018438255,0.0,3.1524899570000002,13.636357422000001,7.040586603,7.3499349380000005,3.057280281,40.22807576,0.53373384,32.043763002,13.365610167,3.725166484,8.878690357,10.628007148,4.8385301,11.840826110999998,1.746482543,9.55455631,24.164612017,0.0,4.01329985,1.860029018,0.0,253.59932401199998,3.68815001,47.957796271999996,2.784585324,2.901538904,22.376427371999995,0.96942751,40.904773135,0.0,1.376612356,1.929654516,0.96942751,30.219851365,21.082953342,15.678754861000002,1.521473972,3.025547043,1.424335348,44.493314076999994,7.089622078,0.0,3.8890361870000003,7.250953698,13.030355461000001,1.444950101,1.493565936,8.897867656999999,33.743606013000004,0.028736252,0.10440729,0.11402858899999999,0.183807191,0.002447184,0.023056926,0.0,0.085128075,0.014445687,0.0,0.297993421,0.0,1.0219491350000003,0.0,0.121200327,0.120832416,1.477441596,0.321072753,0.028073201000000002,0.044863728,4.0,4.0,"[[0, 1, 2, 4], [0, 1, 2, 3]]"
231x231,0.891907941,2.889914001,29.459922552000002,30.971174944,1.799525128,51.682698099999996,1.444950101,16.630120432,1.795511968,1.168652664,18.152244716000002,8.931714161,2.232050031,1.008861521,1.9786839410000001,12.064677867,44.783689091,2.967730506,0.630872464,6.455911835,10.950545441,3.4235466089999997,0.630872464,0.0,6.675701522,23.344041138,3.084684086,20.699050996999997,6.135765733,0.630872464,0.53373384,0.53373384,48.761690611000006,20.920970311999998,0.0,0.0,1.698346194,13.645309251,6.852073608,0.630872464,2.592988012,1.522780405,22.722915773,1.900769462,0.53373384,5.208395856,14.009433808999999,26.4364182,11.057933658,67.59452139100001,0.0,0.890601508,1.900769462,34.366930964999995,4.510325867000001,1.425641781,11.481712542,68.104543166,0.891907941,17.815962169,15.502730779,21.543042724,9.015736513,19.091053309,8.474775327,8.693956655000001,1.900769462,2.075822565,0.630872464,0.53373384,2.1775141849999997,36.655517481,1.1646063039999999,2.9664240729999998,65.153884696,0.0,0.0,6.749526179999999,7.677066147,31.824928467,0.890601508,0.630872464,15.268593091,3.933586435,0.53373384,0.0,1.698346194,14.320305671,6.555882188,8.033883187,3.057280281,40.22807576,0.53373384,32.442299726,12.595463041999999,3.2404620690000003,8.878690357,7.719778175,4.8385301,6.508985121,1.261778128,9.55455631,24.848560265999996,26.88046418,4.01329985,0.890601508,0.0,298.758554032,4.856802674,49.153301506,2.784585324,2.901538904,28.618205058999997,2.337336513,40.42006872,0.0,0.891907941,1.444950101,3.50598768,41.336121422,17.205310462,12.770525888000002,1.521473972,3.025547043,1.424335348,44.008609662,7.089622078,0.0,3.404331772,4.827377487,11.091555672000002,1.444950101,1.008861521,8.897867656999999,24.050595348,0.044689212,0.062764049,0.13111668599999998,0.20794881199999998,0.002447184,0.001917426,0.0,0.0,0.014445687,0.0,0.297993421,0.0,0.740129812,0.0,0.121200327,0.13581736,1.541504889,0.32181535899999997,0.029133528000000002,0.044863728,4.0,4.0,"[[0, 1, 2, 4], [0, 1, 2, 4]]"
232x232,0.891907941,0.96942751,53.694730272,29.050688453,2.284229543,71.55642513999999,0.0,18.084264195,2.280216383,1.168652664,17.676722125,9.416418576000002,5.62503786,1.978289031,0.53373384,4.839789730000001,36.607731169999994,2.00748482,0.630872464,6.940616250000001,10.950545441,4.877690372,0.630872464,0.484704415,5.230751421,23.344041138,1.639733985,19.254100895999997,7.114391843,0.630872464,0.53373384,1.50316135,52.172905243,29.178922510999996,0.0,0.0,3.1524899570000002,14.130013666,6.852073608,0.630872464,3.0776924269999997,1.522780405,22.722915773,1.900769462,0.53373384,5.208395856,14.009433808999999,26.4364182,12.996733447,66.14957129000001,0.0,0.890601508,1.900769462,30.031985307,3.5500801810000002,1.425641781,11.966416957,66.193173719,0.891907941,9.146106320000001,15.502730779,29.783000785,9.015736513,16.685843722999998,8.959479742,8.693956655000001,2.870196972,1.115576879,0.630872464,0.53373384,2.6622186,37.624944991,1.1646063039999999,2.490901482,97.639048355,0.0,0.0,6.749526179999999,4.311547999,31.824928467,0.890601508,1.600299974,12.378679089999999,3.933586435,1.018438255,0.0,3.1524899570000002,13.360059985000001,7.040586603,8.518587602,3.057280281,34.448227094,0.53373384,32.936149414,14.534262831,2.280216383,8.878690357,9.183057047,4.8385301,11.840826110999998,1.746482543,9.55455631,15.218506971,26.88046418,4.01329985,1.860029018,0.0,271.54093270199996,4.856802674,39.073152579,2.784585324,2.901538904,21.887148998999997,3.306764023,38.014859134000005,0.0,1.376612356,0.484704415,4.47541519,41.354436394000004,21.082953342,14.233804760000002,1.521473972,3.025547043,1.424335348,40.158368419,7.089622078,0.0,2.444086086,5.806003597,11.585405360000001,0.0,1.493565936,8.897867656999999,33.743606013000004,0.044689212,0.10440729,0.13499936499999998,0.23592448300000002,0.002447184,0.024974352,0.0,0.085128075,0.014445687,0.0,0.297993421,0.0,1.094193866,0.0,0.121200327,0.032557036,1.521851091,0.010974409,0.029133528000000002,0.044863728,4.0,4.0,"[[0, 1, 2, 4], [0, 1, 3, 4]]"
233x233,0.891907941,3.8593415110000002,53.694730272,31.940602454,2.284229543,65.534276792,1.444950101,18.084264195,2.280216383,1.168652664,19.121672226,3.394270228,5.62503786,1.978289031,1.9786839410000001,12.064677867,34.67881296,3.452434921,0.630872464,6.940616250000001,10.950545441,4.877690372,0.630872464,0.484704415,6.675701522,17.32189279,3.084684086,20.699050996999997,8.559341944,0.630872464,0.53373384,1.50316135,55.062819244,32.068836512,0.0,0.0,3.1524899570000002,14.130013666,6.852073608,0.630872464,3.0776924269999997,1.522780405,10.679239853,1.900769462,0.53373384,5.208395856,7.987285460999999,26.4364182,12.996733447,67.59452139100001,0.0,0.890601508,1.900769462,28.344782616999996,4.995030282,1.425641781,11.966416957,70.528119377,0.891907941,11.793813820999999,15.502730779,29.783000785,9.015736513,19.575757724,8.959479742,2.671808307,2.870196972,2.56052698,0.630872464,0.53373384,2.6622186,13.534983201,1.1646063039999999,3.935851583,99.08399845599999,0.0,0.0,6.749526179999999,8.646493656999999,31.824928467,0.890601508,1.600299974,15.268593091,3.933586435,1.018438255,0.0,3.1524899570000002,14.805010086000001,1.018438255,8.518587602,3.057280281,40.22807576,0.53373384,34.381099515,14.534262831,3.725166484,8.878690357,10.628007148,4.8385301,11.840826110999998,1.746482543,3.532407962,13.289588760999997,26.88046418,4.01329985,1.860029018,0.0,234.193348972,4.856802674,54.969778919,2.784585324,2.901538904,30.557004848,3.306764023,34.882624787000005,0.0,1.376612356,1.929654516,4.47541519,38.222202046999996,21.082953342,15.678754861000002,1.521473972,3.025547043,1.424335348,32.449638156999995,1.06747373,0.0,3.8890361870000003,7.250953698,13.030355461000001,1.444950101,1.493565936,8.897867656999999,33.743606013000004,0.042301809999999995,0.10440729,0.127530022,0.232577226,0.0,0.024974352,0.0,0.085128075,0.014445687,0.0,0.297993421,0.0,1.381702055,0.0,0.121200327,0.13581736,1.396755276,0.316247925,0.028742427,0.044863728,4.0,4.0,"[[0, 1, 2, 4], [0, 2, 3, 4]]"
234x234,0.0,3.8593415110000002,38.532548012,31.940602454,2.284229543,52.82765558,1.444950101,16.300451571,2.280216383,1.168652664,17.337859602,8.524510635,5.62503786,1.978289031,1.9786839410000001,11.172769926,44.938676255999994,2.56052698,0.630872464,6.940616250000001,10.950545441,3.0938777479999997,0.630872464,0.484704415,6.675701522,23.344041138,3.084684086,20.699050996999997,7.667434003,0.630872464,0.53373384,1.50316135,45.25096953800001,23.149788327,0.0,0.0,3.1524899570000002,13.238105724999999,6.852073608,0.630872464,3.0776924269999997,0.630872464,22.722915773,1.008861521,0.53373384,5.208395856,14.009433808999999,25.544510259,11.212920823000001,67.59452139100001,0.0,0.890601508,1.008861521,34.366930964999995,4.103122341,0.53373384,11.966416957,63.39269897999999,0.0,16.924054228,15.502730779,26.215380426,8.123828572,19.575757724,8.959479742,8.693956655000001,1.978289031,2.56052698,0.630872464,0.53373384,2.6622186,35.841132367,1.1646063039999999,3.935851583,79.46346007599999,0.0,0.0,6.749526179999999,8.646493656999999,16.662746206999998,0.890601508,1.600299974,14.37668515,3.933586435,1.018438255,0.0,3.1524899570000002,13.021197462,7.040586603,8.518587602,3.057280281,36.660455401,0.53373384,31.705315370999998,12.750450207,3.725166484,7.094877733000001,7.060386789,4.8385301,9.165041967,1.746482543,9.55455631,25.333264680999996,26.88046418,4.01329985,1.860029018,0.0,290.184114842,4.856802674,46.942434757,1.892677383,2.901538904,21.637956662999997,3.306764023,37.337152775999996,0.0,0.484704415,1.929654516,4.47541519,35.325302210000004,16.623363714,8.543334464,1.521473972,3.025547043,1.424335348,42.709501453,7.089622078,0.0,2.997128246,7.250953698,12.13844752,1.444950101,1.493565936,8.005959716,21.257082933,0.018340362,0.098828047,0.122345173,0.208672865,0.002447184,0.024974352,0.0,0.085128075,0.014445687,0.0,0.28375537,0.0,1.352292962,0.0,0.121200327,0.135054545,1.335509021,0.32181535899999997,0.029133528000000002,0.044863728,4.0,4.0,"[[0, 1, 2, 4], [1, 2, 3, 4]]"
235x235,0.891907941,3.8593415110000002,51.913480453000005,23.034564217,1.115576879,67.437838808,1.444950101,14.521794424,2.280216383,0.0,14.189567779999999,11.403382656000002,5.62503786,1.978289031,1.9786839410000001,11.174076359,38.485357093,3.452434921,0.630872464,0.484704415,6.831959109,4.877690372,0.630872464,0.484704415,6.675701522,22.45343963,3.084684086,21.521990923999997,8.765056205,0.630872464,0.53373384,1.50316135,52.17414389,32.068836512,0.0,0.0,3.1524899570000002,16.935294793,2.995825601,0.630872464,1.018438255,1.522780405,17.991793338,1.900769462,0.53373384,0.53373384,11.950179637,22.317831868,13.614045772999999,67.59452139100001,0.0,0.0,1.900769462,34.294640873,4.995030282,1.425641781,11.966416957,43.867523356999996,0.891907941,17.815962169,5.705807882,23.86738071,9.427200532999999,20.877883208,6.287671435000001,6.022148348,2.870196972,2.56052698,0.630872464,0.53373384,1.493565936,30.278474667999998,1.1646063039999999,3.045250075,93.796760957,0.0,0.0,7.5678375959999995,19.398956233,29.15312016,0.0,1.600299974,15.474307352,1.261778128,1.018438255,0.0,3.1524899570000002,11.855107603,7.040586603,1.115576879,3.057280281,28.856839790000002,0.53373384,30.194716991,12.475008659,3.725166484,9.290154377,10.628007148,3.057280281,11.840826110999998,1.746482543,9.55455631,23.274010509,0.0,2.232050031,0.96942751,0.0,265.52043925199996,3.68815001,40.832859313,2.784585324,2.901538904,20.595177552999996,0.96942751,40.837146237,0.0,1.376612356,1.929654516,0.96942751,32.206815445000004,19.301703523,14.788153353,0.630872464,2.134945535,0.53373384,35.793360077,7.089622078,0.0,3.8890361870000003,5.469703879,13.441819481,1.444950101,1.493565936,8.897867656999999,32.853004505,0.065137674,0.09159468,0.13667758800000002,0.161359562,0.002447184,0.023056926,0.0,0.085128075,0.014445687,0.0,0.20645929600000001,0.0,1.0219491350000003,0.0,0.0727907,0.120832416,1.4977758159999999,0.335660703,0.044718133,0.036583618,4.0,4.0,"[[0, 1, 3, 4], [0, 1, 2, 3]]"
236x236,0.891907941,2.889914001,27.678672733,22.065136707,1.799525128,49.901448281,1.444950101,13.067650660999998,1.795511968,1.168652664,13.220140269999998,10.918678241,2.232050031,1.008861521,1.9786839410000001,11.174076359,41.221219319999996,2.967730506,0.630872464,4.674662016,9.169295622,3.4235466089999997,0.630872464,0.0,6.675701522,22.45343963,3.084684086,21.521990923999997,6.341479994,0.630872464,0.53373384,0.53373384,49.379002937,20.920970311999998,0.0,0.0,1.698346194,17.619243042,8.839037688000001,0.630872464,1.702386504,1.522780405,19.160446002,1.900769462,0.53373384,5.208395856,13.118832301,24.655168381,11.675245983999998,67.59452139100001,0.0,0.0,1.900769462,35.463293537,4.510325867000001,1.425641781,11.481712542,44.949934826,0.891907941,17.815962169,5.705807882,22.639405296,9.427200532999999,20.393178793,5.8029670200000005,6.022148348,1.900769462,2.075822565,0.630872464,0.53373384,2.1775141849999997,33.983709174,1.1646063039999999,2.075822565,63.372634876999996,0.0,0.0,8.73649026,19.598181387,29.15312016,0.0,0.630872464,15.474307352,1.261778128,0.53373384,0.0,1.698346194,12.539055852,6.555882188,1.799525128,3.057280281,28.856839790000002,0.53373384,30.593253714999996,11.704861533999999,3.2404620690000003,9.290154377,7.719778175,3.057280281,6.508985121,1.261778128,9.55455631,23.957958757999997,26.88046418,2.232050031,0.0,0.0,310.679669272,4.856802674,42.028364546999995,2.784585324,2.901538904,26.836955239999998,2.337336513,40.352441822,0.0,0.891907941,1.444950101,3.50598768,43.323085502,15.424060643,11.87992438,0.630872464,2.134945535,0.53373384,35.308655662,7.089622078,0.0,3.404331772,3.046127668,11.503019691999999,1.444950101,1.008861521,8.897867656999999,23.15999384,0.081090634,0.049951439,0.15376568499999999,0.185501183,0.002447184,0.001917426,0.0,0.0,0.014445687,0.0,0.20645929600000001,0.0,0.740129812,0.0,0.0727907,0.13581736,1.561839109,0.336403309,0.04577846,0.036583618,4.0,4.0,"[[0, 1, 3, 4], [0, 1, 2, 4]]"
237x237,0.891907941,0.96942751,51.913480453000005,20.144650216,2.284229543,69.77517532099999,0.0,14.521794424,2.280216383,1.168652664,12.744617679,11.403382656000002,5.62503786,1.978289031,0.53373384,3.949188222,33.045261399,2.00748482,0.630872464,5.1593664310000005,9.169295622,4.877690372,0.630872464,0.484704415,5.230751421,22.45343963,1.639733985,20.077040822999997,7.320106104,0.630872464,0.53373384,1.50316135,52.790217569,29.178922510999996,0.0,0.0,3.1524899570000002,18.103947457,8.839037688000001,0.630872464,2.187090919,1.522780405,19.160446002,1.900769462,0.53373384,5.208395856,13.118832301,24.655168381,13.614045772999999,66.14957129000001,0.0,0.0,1.900769462,31.128347878999996,3.5500801810000002,1.425641781,11.966416957,43.038565379,0.891907941,9.146106320000001,5.705807882,30.879363357,9.427200532999999,17.987969207,6.287671435000001,6.022148348,2.870196972,1.115576879,0.630872464,0.53373384,2.6622186,34.953136684,1.1646063039999999,1.600299974,95.85779853599999,0.0,0.0,8.73649026,16.232663239,29.15312016,0.0,1.600299974,12.584393351,1.261778128,1.018438255,0.0,3.1524899570000002,11.578810166,7.040586603,2.284229543,3.057280281,23.076991124,0.53373384,31.087103402999997,13.643661323,2.280216383,9.290154377,9.183057047,3.057280281,11.840826110999998,1.746482543,9.55455631,14.327905462999999,26.88046418,2.232050031,0.96942751,0.0,283.46204794199997,4.856802674,31.948215620000003,2.784585324,2.901538904,20.105899179999998,3.306764023,37.947232236000005,0.0,1.376612356,0.484704415,4.47541519,43.341400474,19.301703523,13.343203252,0.630872464,2.134945535,0.53373384,31.458414419,7.089622078,0.0,2.444086086,4.024753778,11.99686938,0.0,1.493565936,8.897867656999999,32.853004505,0.081090634,0.09159468,0.15764836399999999,0.21347685400000002,0.002447184,0.024974352,0.0,0.085128075,0.014445687,0.0,0.20645929600000001,0.0,1.094193866,0.0,0.0727907,0.032557036,1.542185311,0.025562359,0.04577846,0.036583618,4.0,4.0,"[[0, 1, 3, 4], [0, 1, 3, 4]]"
238x238,0.891907941,3.8593415110000002,51.913480453000005,23.034564217,2.284229543,63.753026973000004,1.444950101,14.521794424,2.280216383,1.168652664,14.189567779999999,5.381234308,5.62503786,1.978289031,1.9786839410000001,11.174076359,31.116343189,3.452434921,0.630872464,5.1593664310000005,9.169295622,4.877690372,0.630872464,0.484704415,6.675701522,16.431291282,3.084684086,21.521990923999997,8.765056205,0.630872464,0.53373384,1.50316135,55.68013157,32.068836512,0.0,0.0,3.1524899570000002,18.103947457,8.839037688000001,0.630872464,2.187090919,1.522780405,7.1167700819999995,1.900769462,0.53373384,5.208395856,7.096683952999999,24.655168381,13.614045772999999,67.59452139100001,0.0,0.0,1.900769462,29.441145188999997,4.995030282,1.425641781,11.966416957,47.373511037,0.891907941,11.793813820999999,5.705807882,30.879363357,9.427200532999999,20.877883208,6.287671435000001,0.0,2.870196972,2.56052698,0.630872464,0.53373384,2.6622186,10.863174894,1.1646063039999999,3.045250075,97.30274863699998,0.0,0.0,8.73649026,20.567608897,29.15312016,0.0,1.600299974,15.474307352,1.261778128,1.018438255,0.0,3.1524899570000002,13.023760267,1.018438255,2.284229543,3.057280281,28.856839790000002,0.53373384,32.532053504,13.643661323,3.725166484,9.290154377,10.628007148,3.057280281,11.840826110999998,1.746482543,3.532407962,12.398987252999998,26.88046418,2.232050031,0.96942751,0.0,246.114464212,4.856802674,47.84484196,2.784585324,2.901538904,28.775755029,3.306764023,34.814997889000004,0.0,1.376612356,1.929654516,4.47541519,40.209166127,19.301703523,14.788153353,0.630872464,2.134945535,0.53373384,23.749684157,1.06747373,0.0,3.8890361870000003,5.469703879,13.441819481,1.444950101,1.493565936,8.897867656999999,32.853004505,0.078703232,0.09159468,0.15017902100000002,0.210129597,0.0,0.024974352,0.0,0.085128075,0.014445687,0.0,0.20645929600000001,0.0,1.381702055,0.0,0.0727907,0.13581736,1.4170894959999998,0.330835875,0.045387359,0.036583618,4.0,4.0,"[[0, 1, 3, 4], [0, 2, 3, 4]]"
239x239,0.0,3.8593415110000002,36.751298193,23.034564217,2.284229543,51.046405761,1.444950101,12.737981799999998,2.280216383,1.168652664,12.405755155999998,10.511474715,5.62503786,1.978289031,1.9786839410000001,10.282168418,41.376206485,2.56052698,0.630872464,5.1593664310000005,9.169295622,3.0938777479999997,0.630872464,0.484704415,6.675701522,22.45343963,3.084684086,21.521990923999997,7.873148264,0.630872464,0.53373384,1.50316135,45.868281864,23.149788327,0.0,0.0,3.1524899570000002,17.212039516,8.839037688000001,0.630872464,2.187090919,0.630872464,19.160446002,1.008861521,0.53373384,5.208395856,13.118832301,23.76326044,11.830233148999998,67.59452139100001,0.0,0.0,1.008861521,35.463293537,4.103122341,0.53373384,11.966416957,40.238090639999996,0.0,16.924054228,5.705807882,27.311742998,8.535292592,20.877883208,6.287671435000001,6.022148348,1.978289031,2.56052698,0.630872464,0.53373384,2.6622186,33.16932406,1.1646063039999999,3.045250075,77.682210257,0.0,0.0,8.73649026,20.567608897,13.990937899999999,0.0,1.600299974,14.582399411,1.261778128,1.018438255,0.0,3.1524899570000002,11.239947643,7.040586603,2.284229543,3.057280281,25.289219431,0.53373384,29.85626936,11.859848699,3.725166484,7.506341753,7.060386789,3.057280281,9.165041967,1.746482543,9.55455631,24.442663172999996,26.88046418,2.232050031,0.96942751,0.0,302.105230082,4.856802674,39.817497798000005,1.892677383,2.901538904,19.856706843999998,3.306764023,37.269525877999996,0.0,0.484704415,1.929654516,4.47541519,37.31226629,14.842113895,7.6527329559999995,0.630872464,2.134945535,0.53373384,34.009547452999996,7.089622078,0.0,2.997128246,5.469703879,12.54991154,1.444950101,1.493565936,8.005959716,20.366481425,0.054741784,0.086015437,0.14499417200000003,0.18622523600000002,0.002447184,0.024974352,0.0,0.085128075,0.014445687,0.0,0.192221245,0.0,1.352292962,0.0,0.0727907,0.135054545,1.3558432409999999,0.336403309,0.04577846,0.036583618,4.0,4.0,"[[0, 1, 3, 4], [1, 2, 3, 4]]"
240x240,0.891907941,3.8593415110000002,53.694730272,16.800733654000002,0.484704415,68.588216163,1.444950101,14.929848025,1.018438255,0.0,18.679339830000004,11.403382656000002,4.994165396,1.978289031,1.9786839410000001,9.541131426,37.631560676999996,2.821562457,0.0,2.265954234,5.4587927579999995,4.246817908000001,0.0,0.484704415,3.5212853519999996,9.464141568,2.453811622,24.230661696000002,10.546306024,0.0,0.53373384,1.50316135,44.900223348000004,31.437964047999998,0.0,0.0,2.521617493,15.673516665000001,2.995825601,0.0,1.909039763,0.891907941,20.292484981,1.900769462,0.53373384,0.53373384,10.948103762,20.944665516999997,17.695929133,27.847112251000002,0.0,0.890601508,1.900769462,21.305342811,4.364157818000001,1.425641781,2.502362287,51.882262897000004,0.891907941,17.185089705,12.348314608999999,20.97267307,11.096992920999998,11.562955875,5.1741705940000005,8.693956655000001,2.870196972,1.929654516,0.0,0.53373384,1.493565936,31.057605591999998,0.53373384,3.304979119,94.316232648,0.0,0.0,2.52069792,18.768083769,28.039619318999996,0.890601508,0.96942751,9.684981376,2.671808307,1.018438255,0.0,2.521617493,12.374579294000002,7.040586603,6.719062474,0.53373384,35.906173834,0.53373384,31.159229431,10.842063726,2.4633883560000003,10.329077707,9.997134683999999,2.314983659,11.209953646999999,0.484704415,7.031009869,23.533739553,0.0,3.382427386,1.860029018,0.0,265.52043925199996,0.53373384,41.017988281,0.891907941,1.008861521,22.376427371999995,0.96942751,45.067340873000006,0.0,1.376612356,1.929654516,0.96942751,28.421506297,17.297644194,15.047882397,0.890601508,3.025547043,1.424335348,37.016223487000005,7.089622078,0.0,3.8890361870000003,7.250953698,14.480742810999999,1.444950101,1.493565936,8.897867656999999,33.743606013000004,0.065137674,0.10367975399999999,0.148148738,0.16165947000000003,0.002447184,0.023056926,0.0,0.085128075,0.014445687,0.0,0.218069977,0.0,0.9584895250000002,0.0,0.048409627,0.120832416,1.456063581,0.335660703,0.044718133,0.026538507,4.0,4.0,"[[0, 2, 3, 4], [0, 1, 2, 3]]"
241x241,0.891907941,2.889914001,29.459922552000002,15.831306144000003,1.168652664,51.051825636000004,1.444950101,13.475704261999999,0.53373384,1.168652664,17.70991232,10.918678241,1.601177567,1.008861521,1.9786839410000001,9.541131426,40.367422903999994,2.3368580420000002,0.0,6.455911835,7.796129271,2.7926741450000003,0.0,0.0,3.5212853519999996,9.464141568,2.453811622,24.230661696000002,8.122729813,0.0,0.53373384,0.53373384,42.105082395000004,20.290097848,0.0,0.0,1.06747373,16.357464914,8.839037688000001,0.0,2.592988012,0.891907941,21.461137645,1.900769462,0.53373384,5.208395856,12.116756426,23.282002029999997,15.757129343999999,27.847112251000002,0.0,0.890601508,1.900769462,22.473995475,3.8794534030000003,1.425641781,2.017657872,52.964674366,0.891907941,17.185089705,12.348314608999999,19.744697656,11.096992920999998,11.07825146,4.689466179,8.693956655000001,1.900769462,1.444950101,0.0,0.53373384,2.1775141849999997,34.762840098,0.53373384,2.3355516090000004,63.892106567999996,0.0,0.0,3.6893505839999996,18.967308923,28.039619318999996,0.890601508,0.0,9.684981376,2.671808307,0.53373384,0.0,1.06747373,13.058527543,6.555882188,7.4030107229999995,0.53373384,35.906173834,0.53373384,31.557766154999996,10.071916601,1.9786839410000001,10.329077707,7.088905711,2.314983659,5.878112657,0.0,7.031009869,24.217687801999997,26.88046418,3.382427386,0.890601508,0.0,310.679669272,1.702386504,42.213493514999996,0.891907941,1.008861521,28.618205058999997,2.337336513,44.58263645800001,0.0,0.891907941,1.444950101,3.50598768,39.537776354,13.420001314,12.139653424,0.890601508,3.025547043,1.424335348,36.531519072,7.089622078,0.0,3.404331772,4.827377487,12.541943021999998,1.444950101,1.008861521,8.897867656999999,24.050595348,0.081090634,0.062036512999999995,0.165236835,0.18580109099999997,0.002447184,0.001917426,0.0,0.0,0.014445687,0.0,0.218069977,0.0,0.676670202,0.0,0.048409627,0.13581736,1.520126874,0.336403309,0.04577846,0.026538507,4.0,4.0,"[[0, 2, 3, 4], [0, 1, 2, 4]]"
242x242,0.891907941,0.96942751,53.694730272,13.910819653,1.6533570789999998,70.925552676,0.0,14.929848025,1.018438255,1.168652664,17.234389729,11.403382656000002,4.994165396,1.978289031,0.53373384,2.316243289,32.191464982999996,1.376612356,0.0,6.940616250000001,7.796129271,4.246817908000001,0.0,0.484704415,2.0763352509999997,9.464141568,1.008861521,22.785711595000002,9.101355923,0.0,0.53373384,1.50316135,45.516297027,28.548050046999997,0.0,0.0,2.521617493,16.842169329,8.839037688000001,0.0,3.0776924269999997,0.891907941,21.461137645,1.900769462,0.53373384,5.208395856,12.116756426,23.282002029999997,17.695929133,26.402162150000002,0.0,0.890601508,1.900769462,18.139049817,2.919207717,1.425641781,2.502362287,51.053304919,0.891907941,8.515233856,12.348314608999999,27.984655717,11.096992920999998,8.673041873999999,5.1741705940000005,8.693956655000001,2.870196972,0.484704415,0.0,0.53373384,2.6622186,35.732267608,0.53373384,1.860029018,96.377270227,0.0,0.0,3.6893505839999996,15.601790775000001,28.039619318999996,0.890601508,0.96942751,6.795067375,2.671808307,1.018438255,0.0,2.521617493,12.098281857000002,7.040586603,7.887715138,0.53373384,30.126325167999997,0.53373384,32.05161584299999,12.010716389999999,1.018438255,10.329077707,8.552184582999999,2.314983659,11.209953646999999,0.484704415,7.031009869,14.587634506999999,26.88046418,3.382427386,1.860029018,0.0,283.46204794199997,1.702386504,32.133344588,0.891907941,1.008861521,21.887148998999997,3.306764023,42.177426872000005,0.0,1.376612356,0.484704415,4.47541519,39.556091326,17.297644194,13.602932296,0.890601508,3.025547043,1.424335348,32.681277829,7.089622078,0.0,2.444086086,5.806003597,13.035792709999999,0.0,1.493565936,8.897867656999999,33.743606013000004,0.081090634,0.10367975399999999,0.169119514,0.213776762,0.002447184,0.024974352,0.0,0.085128075,0.014445687,0.0,0.218069977,0.0,1.030734256,0.0,0.048409627,0.032557036,1.500473076,0.025562359,0.04577846,0.026538507,4.0,4.0,"[[0, 2, 3, 4], [0, 1, 3, 4]]"
243x243,0.891907941,3.8593415110000002,53.694730272,16.800733654000002,1.6533570789999998,64.903404328,1.444950101,14.929848025,1.018438255,1.168652664,18.679339830000004,5.381234308,4.994165396,1.978289031,1.9786839410000001,9.541131426,30.262546772999997,2.821562457,0.0,6.940616250000001,7.796129271,4.246817908000001,0.0,0.484704415,3.5212853519999996,3.44199322,2.453811622,24.230661696000002,10.546306024,0.0,0.53373384,1.50316135,48.406211028,31.437964047999998,0.0,0.0,2.521617493,16.842169329,8.839037688000001,0.0,3.0776924269999997,0.891907941,9.417461724999999,1.900769462,0.53373384,5.208395856,6.094608078,23.282002029999997,17.695929133,27.847112251000002,0.0,0.890601508,1.900769462,16.451847126999997,4.364157818000001,1.425641781,2.502362287,55.388250577,0.891907941,11.162941357,12.348314608999999,27.984655717,11.096992920999998,11.562955875,5.1741705940000005,2.671808307,2.870196972,1.929654516,0.0,0.53373384,2.6622186,11.642305818,0.53373384,3.304979119,97.82222032799999,0.0,0.0,3.6893505839999996,19.936736433,28.039619318999996,0.890601508,0.96942751,9.684981376,2.671808307,1.018438255,0.0,2.521617493,13.543231958000002,1.018438255,7.887715138,0.53373384,35.906173834,0.53373384,33.496565944,12.010716389999999,2.4633883560000003,10.329077707,9.997134683999999,2.314983659,11.209953646999999,0.484704415,1.008861521,12.658716296999998,26.88046418,3.382427386,1.860029018,0.0,246.114464212,1.702386504,48.029970928,0.891907941,1.008861521,30.557004848,3.306764023,39.045192525000004,0.0,1.376612356,1.929654516,4.47541519,36.423856979,17.297644194,15.047882397,0.890601508,3.025547043,1.424335348,24.972547567000003,1.06747373,0.0,3.8890361870000003,7.250953698,14.480742810999999,1.444950101,1.493565936,8.897867656999999,33.743606013000004,0.078703232,0.10367975399999999,0.161650171,0.21042950500000002,0.0,0.024974352,0.0,0.085128075,0.014445687,0.0,0.218069977,0.0,1.318242445,0.0,0.048409627,0.13581736,1.375377261,0.330835875,0.045387359,0.026538507,4.0,4.0,"[[0, 2, 3, 4], [0, 2, 3, 4]]"
244x244,0.0,3.8593415110000002,38.532548012,16.800733654000002,1.6533570789999998,52.196783116,1.444950101,13.146035400999999,1.018438255,1.168652664,16.895527206,10.511474715,4.994165396,1.978289031,1.9786839410000001,8.649223485,40.522410068999996,1.929654516,0.0,6.940616250000001,7.796129271,2.4630052840000003,0.0,0.484704415,3.5212853519999996,9.464141568,2.453811622,24.230661696000002,9.654398083,0.0,0.53373384,1.50316135,38.594361322,22.518915863,0.0,0.0,2.521617493,15.950261388,8.839037688000001,0.0,3.0776924269999997,0.0,21.461137645,1.008861521,0.53373384,5.208395856,12.116756426,22.390094088999998,15.912116509,27.847112251000002,0.0,0.890601508,1.008861521,22.473995475,3.4722498770000003,0.53373384,2.502362287,48.252830180000004,0.0,16.293181764,12.348314608999999,24.417035358,10.205084979999999,11.562955875,5.1741705940000005,8.693956655000001,1.978289031,1.929654516,0.0,0.53373384,2.6622186,33.948454984,0.53373384,3.304979119,78.20168194799999,0.0,0.0,3.6893505839999996,19.936736433,12.877437058999998,0.890601508,0.96942751,8.793073435,2.671808307,1.018438255,0.0,2.521617493,11.759419334,7.040586603,7.887715138,0.53373384,32.338553475,0.53373384,30.8207818,10.226903766,2.4633883560000003,8.545265083,6.4295143249999995,2.314983659,8.534169503,0.484704415,7.031009869,24.702392216999996,26.88046418,3.382427386,1.860029018,0.0,302.105230082,1.702386504,40.002626766000006,0.0,1.008861521,21.637956662999997,3.306764023,41.499720514,0.0,0.484704415,1.929654516,4.47541519,33.526957142,12.838054566,7.912462,0.890601508,3.025547043,1.424335348,35.232410863,7.089622078,0.0,2.997128246,7.250953698,13.58883487,1.444950101,1.493565936,8.005959716,21.257082933,0.054741784,0.098100511,0.15646532200000002,0.18652514400000003,0.002447184,0.024974352,0.0,0.085128075,0.014445687,0.0,0.203831926,0.0,1.288833352,0.0,0.048409627,0.135054545,1.314131006,0.336403309,0.04577846,0.026538507,4.0,4.0,"[[0, 2, 3, 4], [1, 2, 3, 4]]"
245x245,0.891907941,3.8593415110000002,48.650513939999996,27.905248548,1.115576879,65.183734721,1.444950101,11.022316058,2.280216383,0.0,23.095606017,9.385724784,5.62503786,0.96942751,1.9786839410000001,12.064677867,35.994727536,3.452434921,0.630872464,2.265954234,7.604347407000001,3.868828851,0.630872464,0.484704415,5.666840001,21.326383266,2.075822565,23.602711551000002,8.528648152,0.630872464,0.53373384,1.50316135,51.464706050000004,31.059974990999997,0.0,0.0,3.1524899570000002,10.882195465,1.98696408,0.630872464,1.909039763,1.522780405,19.536605237,0.891907941,0.53373384,0.53373384,8.805427239,17.03713355,18.957707261,53.469360611000006,0.0,0.890601508,0.891907941,27.114559164,3.986168761,1.425641781,9.948759084999999,55.92450998699999,0.891907941,17.815962169,13.485072907,22.740324345999998,12.989670304,22.540829994,6.941821870000001,8.693956655000001,1.861335451,2.56052698,0.630872464,0.53373384,0.484704415,31.941421454,1.1646063039999999,3.935851583,89.524911448,0.0,0.0,7.5678375959999995,18.390094712,23.75424525,0.890601508,1.600299974,17.255557171,3.933586435,1.018438255,0.0,3.1524899570000002,12.627495901000001,7.040586603,7.3499349380000005,3.057280281,33.136444696,0.53373384,37.973982016,10.339088875,3.725166484,11.843762627,9.619145627,4.8385301,11.840826110999998,1.746482543,8.545694789,24.164612017,0.0,4.01329985,1.860029018,0.0,263.50278138,3.68815001,45.940138399999995,2.784585324,1.892677383,22.376427371999995,0.96942751,32.713076941,0.0,1.376612356,1.929654516,0.96942751,29.180294153,16.03873701,15.678754861,1.521473972,3.025547043,1.424335348,43.453756865,7.089622078,0.0,3.8890361870000003,7.250953698,17.004289252,1.444950101,0.484704415,8.897867656999999,33.743606013000004,0.065137674,0.081131734,0.145764567,0.184353389,0.002447184,0.023056926,0.0,0.085128075,0.0,0.0,0.207829884,0.0,1.0219491350000003,0.0,0.121200327,0.104023139,1.452525256,0.335660703,0.038116339,0.026605331,4.0,4.0,"[[1, 2, 3, 4], [0, 1, 2, 3]]"
246x246,0.891907941,2.889914001,24.415706219999997,26.935821038,1.799525128,47.647344194,1.444950101,9.568172295,1.795511968,1.168652664,22.126178507,8.901020369000001,2.232050031,0.0,1.9786839410000001,12.064677867,38.730589763,2.967730506,0.630872464,6.455911835,9.941683920000001,2.414685088,0.630872464,0.0,5.666840001,21.326383266,2.075822565,23.602711551000002,6.105071941,0.630872464,0.53373384,0.53373384,48.669565097,19.912108790999998,0.0,0.0,1.698346194,11.566143713999999,7.830176167,0.630872464,2.592988012,1.522780405,20.705257901,0.891907941,0.53373384,5.208395856,9.974079903,19.374470063,17.018907472,53.469360611000006,0.0,0.890601508,0.891907941,28.283211828,3.501464346,1.425641781,9.46405467,57.006921456,0.891907941,17.815962169,13.485072907,21.512348932,12.989670304,22.056125579,6.457117455000001,8.693956655000001,0.891907941,2.075822565,0.630872464,0.53373384,1.168652664,35.64665596,1.1646063039999999,2.9664240729999998,59.100785368,0.0,0.0,8.73649026,18.589319866,23.75424525,0.890601508,0.630872464,17.255557171,3.933586435,0.53373384,0.0,1.698346194,13.31144415,6.555882188,8.033883187,3.057280281,33.136444696,0.53373384,38.37251874,9.56894175,3.2404620690000003,11.843762627,6.710916654,4.8385301,6.508985121,1.261778128,8.545694789,24.848560265999996,26.88046418,4.01329985,0.890601508,0.0,308.66201140000004,4.856802674,47.135643634000004,2.784585324,1.892677383,28.618205058999997,2.337336513,32.228372526,0.0,0.891907941,1.444950101,3.50598768,40.29656421,12.161094129999999,12.770525888,1.521473972,3.025547043,1.424335348,42.96905245,7.089622078,0.0,3.404331772,4.827377487,15.065489462999999,1.444950101,0.0,8.897867656999999,24.050595348,0.081090634,0.039488493,0.16285266399999998,0.20849500999999998,0.002447184,0.001917426,0.0,0.0,0.0,0.0,0.207829884,0.0,0.740129812,0.0,0.121200327,0.119008083,1.516588549,0.336403309,0.039176666,0.026605331,4.0,4.0,"[[1, 2, 3, 4], [0, 1, 2, 4]]"
247x247,0.891907941,0.96942751,48.650513939999996,25.015334547,2.284229543,67.52107123399999,0.0,11.022316058,2.280216383,1.168652664,21.650655915999998,9.385724784,5.62503786,0.96942751,0.53373384,4.839789730000001,30.554631842,2.00748482,0.630872464,6.940616250000001,9.941683920000001,3.868828851,0.630872464,0.484704415,4.2218899,21.326383266,0.630872464,22.157761450000002,7.083698051,0.630872464,0.53373384,1.50316135,52.080779729,28.170060989999996,0.0,0.0,3.1524899570000002,12.050848129,7.830176167,0.630872464,3.0776924269999997,1.522780405,20.705257901,0.891907941,0.53373384,5.208395856,9.974079903,19.374470063,18.957707261,52.02441051,0.0,0.890601508,0.891907941,23.948266169999997,2.54121866,1.425641781,9.948759084999999,55.095552008999995,0.891907941,9.146106320000001,13.485072907,29.752306992999998,12.989670304,19.650915992999998,6.941821870000001,8.693956655000001,1.861335451,1.115576879,0.630872464,0.53373384,1.6533570789999998,36.61608347,1.1646063039999999,2.490901482,91.585949027,0.0,0.0,8.73649026,15.223801718,23.75424525,0.890601508,1.600299974,14.365643169999998,3.933586435,1.018438255,0.0,3.1524899570000002,12.351198464000001,7.040586603,8.518587602,3.057280281,27.35659603,0.53373384,38.866368428,11.507741539,2.280216383,11.843762627,8.174195526,4.8385301,11.840826110999998,1.746482543,8.545694789,15.218506971,26.88046418,4.01329985,1.860029018,0.0,281.44439007,4.856802674,37.05549470700001,2.784585324,1.892677383,21.887148998999997,3.306764023,29.82316294,0.0,1.376612356,0.484704415,4.47541519,40.314879182,16.03873701,14.23380476,1.521473972,3.025547043,1.424335348,39.118811207,7.089622078,0.0,2.444086086,5.806003597,15.559339151,0.0,0.484704415,8.897867656999999,33.743606013000004,0.081090634,0.081131734,0.16673534299999998,0.23647068100000002,0.002447184,0.024974352,0.0,0.085128075,0.0,0.0,0.207829884,0.0,1.094193866,0.0,0.121200327,0.015747759,1.496934751,0.025562359,0.039176666,0.026605331,4.0,4.0,"[[1, 2, 3, 4], [0, 1, 3, 4]]"
248x248,0.891907941,3.8593415110000002,48.650513939999996,27.905248548,2.284229543,61.498922886,1.444950101,11.022316058,2.280216383,1.168652664,23.095606017,3.363576436,5.62503786,0.96942751,1.9786839410000001,12.064677867,28.625713632,3.452434921,0.630872464,6.940616250000001,9.941683920000001,3.868828851,0.630872464,0.484704415,5.666840001,15.304234917999999,2.075822565,23.602711551000002,8.528648151999999,0.630872464,0.53373384,1.50316135,54.97069373,31.059974990999997,0.0,0.0,3.1524899570000002,12.050848129,7.830176167,0.630872464,3.0776924269999997,1.522780405,8.661581981,0.891907941,0.53373384,5.208395856,3.951931555,19.374470063,18.957707261,53.469360611000006,0.0,0.890601508,0.891907941,22.261063479999997,3.986168761,1.425641781,9.948759084999999,59.430497667,0.891907941,11.793813820999999,13.485072907,29.752306992999998,12.989670304,22.540829994,6.941821870000001,2.671808307,1.861335451,2.56052698,0.630872464,0.53373384,1.6533570789999998,12.52612168,1.1646063039999999,3.935851583,93.03089912799999,0.0,0.0,8.73649026,19.558747376,23.75424525,0.890601508,1.600299974,17.255557171,3.933586435,1.018438255,0.0,3.1524899570000002,13.796148565000001,1.018438255,8.518587602,3.057280281,33.136444696,0.53373384,40.311318529,11.507741539,3.725166484,11.843762627,9.619145627,4.8385301,11.840826110999998,1.746482543,2.523546441,13.289588760999997,26.88046418,4.01329985,1.860029018,0.0,244.09680634,4.856802674,52.952121047000006,2.784585324,1.892677383,30.557004848,3.306764023,26.690928593,0.0,1.376612356,1.929654516,4.47541519,37.182644835,16.03873701,15.678754861,1.521473972,3.025547043,1.424335348,31.410080945,1.06747373,0.0,3.8890361870000003,7.250953698,17.004289252,1.444950101,0.484704415,8.897867656999999,33.743606013000004,0.078703232,0.081131734,0.15926600000000002,0.233123424,0.0,0.024974352,0.0,0.085128075,0.0,0.0,0.207829884,0.0,1.381702055,0.0,0.121200327,0.119008083,1.3718389359999998,0.330835875,0.038785565,0.026605331,4.0,4.0,"[[1, 2, 3, 4], [0, 2, 3, 4]]"
249x249,0.0,3.8593415110000002,33.48833168,27.905248548,2.284229543,48.792301674,1.444950101,9.238503434,2.280216383,1.168652664,21.311793393,8.493816843000001,5.62503786,0.96942751,1.9786839410000001,11.172769926,38.885576928,2.56052698,0.630872464,6.940616250000001,9.941683920000001,2.085016227,0.630872464,0.484704415,5.666840001,21.326383266,2.075822565,23.602711551000002,7.636740211,0.630872464,0.53373384,1.50316135,45.158844024000004,22.140926806,0.0,0.0,3.1524899570000002,11.158940187999999,7.830176167,0.630872464,3.0776924269999997,0.630872464,20.705257901,0.0,0.53373384,5.208395856,9.974079903,18.482562122,17.173894637,53.469360611000006,0.0,0.890601508,0.0,28.283211828,3.0942608199999997,0.53373384,9.948759084999999,52.29507726999999,0.0,16.924054228,13.485072907,26.184686634,12.097762363000001,22.540829994,6.941821870000001,8.693956655000001,0.96942751,2.56052698,0.630872464,0.53373384,1.6533570789999998,34.832270846,1.1646063039999999,3.935851583,73.41036074799999,0.0,0.0,8.73649026,19.558747376,8.59206299,0.890601508,1.600299974,16.36364923,3.933586435,1.018438255,0.0,3.1524899570000002,12.012335941,7.040586603,8.518587602,3.057280281,29.568824337,0.53373384,37.635534385,9.723928914999998,3.725166484,10.059950003,6.051525268,4.8385301,9.165041967,1.746482543,8.545694789,25.333264680999996,26.88046418,4.01329985,1.860029018,0.0,300.08757221,4.856802674,44.924776885,1.892677383,1.892677383,21.637956662999997,3.306764023,29.145456581999998,0.0,0.484704415,1.929654516,4.47541519,34.285744998,11.579147381999999,8.543334463999999,1.521473972,3.025547043,1.424335348,41.669944240999996,7.089622078,0.0,2.997128246,7.250953698,16.112381311,1.444950101,0.484704415,8.005959716,21.257082933,0.054741784,0.075552491,0.15408115100000003,0.209219063,0.002447184,0.024974352,0.0,0.085128075,0.0,0.0,0.193591833,0.0,1.352292962,0.0,0.121200327,0.118245268,1.310592681,0.336403309,0.039176666,0.026605331,4.0,4.0,"[[1, 2, 3, 4], [1, 2, 3, 4]]"
250x250,0.891907941,3.8593415110000002,53.694730272,31.940602454,2.284229543,71.55642513999999,1.444950101,18.084264195,2.280216383,1.168652664,23.095606017,11.403382656,5.62503786,1.978289031,1.9786839410000001,12.064677867,46.72248888,3.452434921,0.630872464,6.94061625,10.950545441000001,4.877690372,0.630872464,0.484704415,6.675701522000001,23.344041138,3.084684086,28.646927883000004,10.546306024,0.630872464,0.53373384,1.50316135,61.023793057999995,32.068836512000004,0.0,0.0,3.1524899570000002,18.103947457,8.839037688000001,0.630872464,3.0776924269999997,1.522780405,22.722915773,1.900769462,0.53373384,5.208395856,14.009433808999999,26.4364182,18.957707261000003,67.594521391,0.0,0.890601508,1.900769462,36.353895044999994,4.995030282000001,1.425641781,11.966416957,70.528119377,0.891907941,17.815962169,15.502730779,31.769964865,12.989670304,23.549691515,8.959479742,8.693956655000001,2.870196972,2.56052698,0.630872464,0.53373384,2.6622186,37.624944991,1.1646063039999999,3.935851583,99.083998456,0.0,0.0,8.73649026,20.567608897,31.824928467,0.890601508,1.600299974,17.255557171,3.933586435,1.018438255,0.0,3.1524899570000002,14.805010086,7.040586603,8.518587602,3.057280281,42.21503984,0.53373384,42.328976401,14.534262831,3.7251664840000003,12.852624148,10.628007148,4.8385301,11.840826111,1.746482543,9.55455631,25.333264680999996,26.88046418,4.01329985,1.860029018,0.0,348.485769412,4.856802674,54.96977891899999,2.784585324,2.901538904,30.557004848,3.306764023,48.852650021,0.0,1.376612356,1.929654516,4.47541519,46.231314475,21.082953342,15.678754860999998,1.521473972,3.025547043,1.424335348,46.480278157,7.089622078,0.0,3.889036187,7.250953698,17.004289252,1.444950101,1.493565936,8.897867656999999,33.743606013,0.08109063400000001,0.10440729,0.18132876,0.25282395700000004,0.002447184,0.024974352,0.0,0.085128075,0.014445687,0.0,0.305371509,0.0,1.381702055,0.0,0.121200327,0.13581736,1.819432815,0.336403309,0.04577846000000001,0.044863728,5.0,5.0,"[[0, 1, 2, 3, 4], [0, 1, 2, 3, 4]]"
